FREIMAN_DYADIC_GRAPH_V1 60 13 -24 24 32 33 11972
0 281474976710656
0 17592186044416
8796093022208 26388279066624
17592186044416 35184372088832
26388279066624 43980465111040
35184372088832 52776558133248
43980465111040 61572651155456
52776558133248 70368744177664
61572651155456 79164837199872
70368744177664 87960930222080
79164837199872 96757023244288
87960930222080 105553116266496
96757023244288 114349209288704
105553116266496 123145302310912
114349209288704 131941395333120
123145302310912 140737488355328
131941395333120 149533581377536
140737488355328 158329674399744
149533581377536 167125767421952
158329674399744 175921860444160
167125767421952 184717953466368
175921860444160 193514046488576
184717953466368 202310139510784
193514046488576 211106232532992
202310139510784 219902325555200
211106232532992 228698418577408
219902325555200 237494511599616
228698418577408 246290604621824
237494511599616 255086697644032
246290604621824 263882790666240
255086697644032 272678883688448
263882790666240 281474976710656
0 1 0
0 2 0
0 3 0
0 4 0
0 5 0
0 6 0
0 7 0
0 8 0
0 9 0
0 10 0
0 11 0
0 12 0
1 0 0
1 1 0
1 2 0
1 3 0
2 0 0
2 1 0
2 2 0
2 3 0
3 0 0
3 1 0
3 2 0
3 3 0
4 0 0
5 0 0
6 0 0
7 0 0
8 0 0
9 0 0
10 0 0
11 0 0
12 0 0
28576915331113 28576915331114
31434606864224 31434606864225
34578067550647 34578067550648
38035874305712 38035874305713
41839461736283 41839461736284
46023407909911 46023407909912
50625748700902 50625748700903
55688323570993 55688323570994
61257155928092 61257155928093
67382871520901 67382871520902
74121158672991 74121158672992
81533274540290 81533274540291
89686601994319 89686601994320
98655262193751 98655262193752
108520788413127 108520788413128
119372867254439 119372867254440
131310153979883 131310153979884
144441169377872 144441169377873
158885286315659 158885286315660
174773814947225 174773814947226
192251196441947 192251196441948
211476316086142 211476316086143
232623947694757 232623947694758
255886342464232 255886342464233
281474976710656 281474976710656
309622474381721 309622474381722
340584721819893 340584721819894
374643194001883 374643194001884
412107513402071 412107513402072
453318264742278 453318264742279
498650091216506 498650091216507
548515100338157 548515100338158
603366610371972 603366610371973
663703271409170 663703271409171
730073598550087 730073598550088
803080958405095 803080958405096
883389054245605 883389054245606
971727959670165 971727959670166
1068900755637182 1068900755637183
1175790831200900 1175790831200901
1293369914320990 1293369914320991
1422706905753089 1422706905753090
1564977596328398 1564977596328399
1721475355961238 1721475355961239
1893622891557362 1893622891557363
2082985180713098 2082985180713099
2291283698784408 2291283698784409
2520412068662849 2520412068662850
2772453275529134 2772453275529135
3049698603082048 3049698603082049
153506334652340 153580904074869
0 106504045241869 107898741072419 0 19
173961102589770 173961102589771
74565835588752 74565835588753
218101384884806 218101384884807
158590695246746 158590695246747
101437842339644 101437842339645
124276392647921 124276392647922
86212142134126 86212142134127
180037134371011 180037134371012
195262834576529 195262834576530
206909141121903 206909141121904
215477122949499 215477122949500
109804156786616 109804156786617
115286852675876 115286852675877
119249876382091 119249876382092
122046809351175 122046809351176
78989958391076 78989958391077
81788019331802 81788019331803
83762851039411 83762851039412
85133254278538 85133254278539
0 0 1 281474976710656 281474976710656 0 281474976710656 0 281474976710656 1 2
39 0 2 107513874120885 107513874120886 0 281474976710656 0 281474976710656 3 2
12 0 0 47726749010666 47805715292014 0 281474976710656 0 281474976710656 4 5
16 0 0 26830231869386 26896841151316 0 281474976710656 0 281474976710656 1 6
24 0 3 41066645652000 41066645652001 0 281474976710656 0 281474976710656 3 7
3 0 0 20161871352988 20175261497660 0 281474976710656 0 281474976710656 8 9
55 0 0 11942624030950 11954835988933 0 281474976710656 0 281474976710656 10 2
28 0 0 18229995949539 18260158385049 0 281474976710656 0 281474976710656 4 11
4 0 0 8205176254115 8216431857857 0 281474976710656 0 281474976710656 12 13
5 0 0 4644782795429 4650491586907 0 281474976710656 0 281474976710656 14 5
30 0 0 10248236648064 10273679129796 0 281474976710656 0 281474976710656 1 15
8 0 0 4421393928548 4431681512857 0 281474976710656 0 281474976710656 16 17
10 0 0 2450751353590 2456266954394 0 281474976710656 0 281474976710656 18 6
154475275273366 154563126128726
0 117707717533547 119413626483309 0 19
173961102589770 173961102589771
74565835588752 74565835588753
218101384884806 218101384884807
158590695246746 158590695246747
101437842339644 101437842339645
124276392647921 124276392647922
86212142134126 86212142134127
180037134371011 180037134371012
195262834576529 195262834576530
206909141121903 206909141121904
215477122949499 215477122949500
109804156786616 109804156786617
115286852675876 115286852675877
119249876382091 119249876382092
122046809351175 122046809351176
78989958391076 78989958391077
81788019331802 81788019331803
83762851039411 83762851039412
85133254278538 85133254278539
1 0 1 281474976710656 281474976710656 0 281474976710656 0 281474976710656 1 2
44 0 2 107513874120885 107513874120886 0 281474976710656 0 281474976710656 3 2
15 0 0 48355607805697 48450271362205 0 281474976710656 0 281474976710656 4 5
16 0 0 27362978084358 27443628992045 0 281474976710656 0 281474976710656 1 6
29 0 3 41066645652000 41066645652001 0 281474976710656 0 281474976710656 3 7
3 0 0 20054288621640 20069900393505 0 281474976710656 0 281474976710656 8 9
55 0 0 11844745232261 11858922614998 0 281474976710656 0 281474976710656 10 2
28 0 0 18470198635116 18506356896207 0 281474976710656 0 281474976710656 4 11
4 0 0 8294680069320 8308127291707 0 281474976710656 0 281474976710656 12 13
5 0 0 4690145077657 4696953758537 0 281474976710656 0 281474976710656 14 5
30 0 0 10451727594806 10482533500319 0 281474976710656 0 281474976710656 1 15
8 0 0 4503607944191 4516040817960 0 281474976710656 0 281474976710656 16 17
10 0 0 2494812184149 2501471842085 0 281474976710656 0 281474976710656 18 6
153735232322829 153769213229434
0 108639464695340 109278520370020 0 19
173961102589770 173961102589771
74565835588752 74565835588753
218101384884806 218101384884807
158590695246746 158590695246747
101437842339644 101437842339645
124276392647921 124276392647922
86212142134126 86212142134127
180037134371011 180037134371012
195262834576529 195262834576530
206909141121903 206909141121904
215477122949499 215477122949500
109804156786616 109804156786617
115286852675876 115286852675877
119249876382091 119249876382092
122046809351175 122046809351176
78989958391076 78989958391077
81788019331802 81788019331803
83762851039411 83762851039412
85133254278538 85133254278539
2 0 1 281474976710656 281474976710656 0 281474976710656 0 281474976710656 1 2
39 0 2 107513874120885 107513874120886 0 281474976710656 0 281474976710656 3 2
12 0 0 47847574854394 47883644784165 0 281474976710656 0 281474976710656 4 5
16 0 0 26932183834300 26962656864712 0 281474976710656 0 281474976710656 1 6
24 0 3 41066645652000 41066645652001 0 281474976710656 0 281474976710656 3 7
3 0 0 20148702518088 20154792154429 0 281474976710656 0 281474976710656 8 9
55 0 0 11930620306928 11936170375188 0 281474976710656 0 281474976710656 10 2
28 0 0 18276147315123 18289924802325 0 281474976710656 0 281474976710656 4 11
4 0 0 8222396454995 8227535010547 0 281474976710656 0 281474976710656 12 13
5 0 0 4653516309172 4656121860838 0 281474976710656 0 281474976710656 14 5
30 0 0 10287178833442 10298818495320 0 281474976710656 0 281474976710656 1 15
8 0 0 4437139100195 4441844178475 0 281474976710656 0 281474976710656 16 17
10 0 0 2459192738183 2461714963935 0 281474976710656 0 281474976710656 18 6
153165159810030 153257175431108
0 102846626105816 104547848492530 0 19
173961102589770 173961102589771
74565835588752 74565835588753
218101384884806 218101384884807
158590695246746 158590695246747
101437842339644 101437842339645
124276392647921 124276392647922
86212142134126 86212142134127
180037134371011 180037134371012
195262834576529 195262834576530
206909141121903 206909141121904
215477122949499 215477122949500
109804156786616 109804156786617
115286852675876 115286852675877
119249876382091 119249876382092
122046809351175 122046809351176
78989958391076 78989958391077
81788019331802 81788019331803
83762851039411 83762851039412
85133254278538 85133254278539
3 0 1 281474976710656 281474976710656 0 281474976710656 0 281474976710656 1 2
43 0 2 107513874120885 107513874120886 0 281474976710656 0 281474976710656 3 2
12 0 0 47518737023805 47615660720220 0 281474976710656 0 281474976710656 4 5
16 0 0 26655165397344 26736666876603 0 281474976710656 0 281474976710656 1 6
24 0 3 41066645652000 41066645652001 0 281474976710656 0 281474976710656 3 7
3 0 0 20194177564411 20210757690442 0 281474976710656 0 281474976710656 8 9
55 0 0 11972098830283 11987240661455 0 281474976710656 0 281474976710656 10 2
28 0 0 18150542440625 18187563998341 0 281474976710656 0 281474976710656 4 11
4 0 0 8175504032812 8189334003498 0 281474976710656 0 281474976710656 12 13
5 0 0 4629727323710 4636745608502 0 281474976710656 0 281474976710656 14 5
30 0 0 10181367206035 10212498000979 0 281474976710656 0 281474976710656 1 15
8 0 0 4394344030545 4406939067485 0 281474976710656 0 281474976710656 16 17
10 0 0 2436245775605 2443000439154 0 281474976710656 0 281474976710656 18 6
154385907179288 154423786454866
0 116108427893145 116838669578009 0 19
173961102589770 173961102589771
74565835588752 74565835588753
218101384884806 218101384884807
158590695246746 158590695246747
101437842339644 101437842339645
124276392647921 124276392647922
86212142134126 86212142134127
180037134371011 180037134371012
195262834576529 195262834576530
206909141121903 206909141121904
215477122949499 215477122949500
109804156786616 109804156786617
115286852675876 115286852675877
119249876382091 119249876382092
122046809351175 122046809351176
78989958391076 78989958391077
81788019331802 81788019331803
83762851039411 83762851039412
85133254278538 85133254278539
4 0 1 281474976710656 281474976710656 0 281474976710656 0 281474976710656 1 2
44 0 2 107513874120885 107513874120886 0 281474976710656 0 281474976710656 3 2
15 0 0 48266601407863 48307273260578 0 281474976710656 0 281474976710656 4 5
16 0 0 27287255832097 27321844348757 0 281474976710656 0 281474976710656 1 6
29 0 3 41066645652000 41066645652001 0 281474976710656 0 281474976710656 3 7
3 0 0 20077896397927 20084637773674 0 281474976710656 0 281474976710656 8 9
55 0 0 11866187400285 11872314103008 0 281474976710656 0 281474976710656 10 2
28 0 0 18436201216360 18451736481712 0 281474976710656 0 281474976710656 4 11
4 0 0 8282030277694 8287811398182 0 281474976710656 0 281474976710656 12 13
5 0 0 4683738578364 4686666622446 0 281474976710656 0 281474976710656 14 5
30 0 0 10422804268147 10436015905891 0 281474976710656 0 281474976710656 1 15
8 0 0 4491931690819 4497265566822 0 281474976710656 0 281474976710656 16 17
10 0 0 2488556980919 2491414544949 0 281474976710656 0 281474976710656 18 6
151233774392422 151357218332532
0 81718541625674 83843610084026 0 19
173961102589770 173961102589771
74565835588752 74565835588753
218101384884806 218101384884807
158590695246746 158590695246747
101437842339644 101437842339645
124276392647921 124276392647922
86212142134126 86212142134127
180037134371011 180037134371012
195262834576529 195262834576530
206909141121903 206909141121904
215477122949499 215477122949500
109804156786616 109804156786617
115286852675876 115286852675877
119249876382091 119249876382092
122046809351175 122046809351176
78989958391076 78989958391077
81788019331802 81788019331803
83762851039411 83762851039412
85133254278538 85133254278539
5 0 1 281474976710656 281474976710656 0 281474976710656 0 281474976710656 1 2
46 0 2 107513874120885 107513874120886 0 281474976710656 0 281474976710656 3 2
19 0 0 46290114876019 46415808373125 0 281474976710656 0 281474976710656 4 5
21 0 0 25632750047614 25736439610934 0 281474976710656 0 281474976710656 1 6
31 0 3 41066645652000 41066645652001 0 281474976710656 0 281474976710656 3 7
7 0 0 20404572966010 20427280135139 0 281474976710656 0 281474976710656 8 9
56 0 0 12164990979163 12185906404194 0 281474976710656 0 281474976710656 10 2
35 0 0 17681250539502 17729261183232 0 281474976710656 0 281474976710656 4 11
9 0 0 7999563379354 8017616855154 0 281474976710656 0 281474976710656 12 13
5 0 0 4540280795973 4549472912900 0 281474976710656 0 281474976710656 14 5
37 0 0 9790839293058 9830445181968 0 281474976710656 0 281474976710656 1 15
8 0 0 4236033557659 4252115100044 0 281474976710656 0 281474976710656 16 17
10 0 0 2351263315221 2359902943702 0 281474976710656 0 281474976710656 18 6
153840132347695 153859515296599
0 109665575341814 110031127259621 0 19
173961102589770 173961102589771
74565835588752 74565835588753
218101384884806 218101384884807
158590695246746 158590695246747
101437842339644 101437842339645
124276392647921 124276392647922
86212142134126 86212142134127
180037134371011 180037134371012
195262834576529 195262834576530
206909141121903 206909141121904
215477122949499 215477122949500
109804156786616 109804156786617
115286852675876 115286852675877
119249876382091 119249876382092
122046809351175 122046809351176
78989958391076 78989958391077
81788019331802 81788019331803
83762851039411 83762851039412
85133254278538 85133254278539
6 0 1 281474976710656 281474976710656 0 281474976710656 0 281474976710656 1 2
39 0 2 107513874120885 107513874120886 0 281474976710656 0 281474976710656 3 2
12 0 0 47905471270524 47926071417030 0 281474976710656 0 281474976710656 4 5
16 0 0 26981104954412 26998522316962 0 281474976710656 0 281474976710656 1 6
24 0 3 41066645652000 41066645652001 0 281474976710656 0 281474976710656 3 7
3 0 0 20141552014049 20145022261701 0 281474976710656 0 281474976710656 8 9
55 0 0 11924105099363 11927266794558 0 281474976710656 0 281474976710656 10 2
28 0 0 18298261778258 18306130334051 0 281474976710656 0 281474976710656 4 11
4 0 0 8230643949902 8233577877571 0 281474976710656 0 281474976710656 12 13
5 0 0 4657698153696 4659185626976 0 281474976710656 0 281474976710656 14 5
30 0 0 10305865038557 10312517879057 0 281474976710656 0 281474976710656 1 15
8 0 0 4444692345712 4447381212412 0 281474976710656 0 281474976710656 16 17
10 0 0 2463241701665 2464683003453 0 281474976710656 0 281474976710656 18 6
153024121677679 153077747585316
0 100826857329190 101810097959174 0 19
173961102589770 173961102589771
74565835588752 74565835588753
218101384884806 218101384884807
158590695246746 158590695246747
101437842339644 101437842339645
124276392647921 124276392647922
86212142134126 86212142134127
180037134371011 180037134371012
195262834576529 195262834576530
206909141121903 206909141121904
215477122949499 215477122949500
109804156786616 109804156786617
115286852675876 115286852675877
119249876382091 119249876382092
122046809351175 122046809351176
78989958391076 78989958391077
81788019331802 81788019331803
83762851039411 83762851039412
85133254278538 85133254278539
7 0 1 281474976710656 281474976710656 0 281474976710656 0 281474976710656 1 2
50 0 2 107513874120885 107513874120886 0 281474976710656 0 281474976710656 3 2
12 0 0 47403282767395 47459538799154 0 281474976710656 0 281474976710656 4 5
16 0 0 26558243788549 26605447658752 0 281474976710656 0 281474976710656 1 6
24 0 3 41066645652000 41066645652001 0 281474976710656 0 281474976710656 3 7
3 0 0 20220919413219 20230600848553 0 281474976710656 0 281474976710656 8 9
55 0 0 11996525850746 12005375701085 0 281474976710656 0 281474976710656 10 2
28 0 0 18106442838822 18127930730883 0 281474976710656 0 281474976710656 4 11
4 0 0 8159020535528 8167053534409 0 281474976710656 0 281474976710656 12 13
5 0 0 4621360041720 4625438046231 0 281474976710656 0 281474976710656 14 5
30 0 0 10144346445720 10162376719737 0 281474976710656 0 281474976710656 1 15
8 0 0 4379361306029 4386659002202 0 281474976710656 0 281474976710656 16 17
10 0 0 2428209372576 2432123863378 0 281474976710656 0 281474976710656 18 6
154811553010538 154933287302800
0 121972489907950 124372664127965 0 19
173961102589770 173961102589771
74565835588752 74565835588753
218101384884806 218101384884807
158590695246746 158590695246747
101437842339644 101437842339645
124276392647921 124276392647922
86212142134126 86212142134127
180037134371011 180037134371012
195262834576529 195262834576530
206909141121903 206909141121904
215477122949499 215477122949500
109804156786616 109804156786617
115286852675876 115286852675877
119249876382091 119249876382092
122046809351175 122046809351176
78989958391076 78989958391077
81788019331802 81788019331803
83762851039411 83762851039412
85133254278538 85133254278539
8 0 1 281474976710656 281474976710656 0 281474976710656 0 281474976710656 1 2
51 0 2 107513874120885 107513874120886 0 281474976710656 0 281474976710656 3 2
20 0 0 48591733811295 48723845236131 0 281474976710656 0 281474976710656 4 5
16 0 0 27564374119413 27677379041265 0 281474976710656 0 281474976710656 1 6
36 0 3 41066645652000 41066645652001 0 281474976710656 0 281474976710656 3 7
3 0 0 20009528487665 20031077658603 0 281474976710656 0 281474976710656 8 9
55 0 0 11804146859690 11823683291702 0 281474976710656 0 281474976710656 10 2
28 0 0 18560390743627 18610852817613 0 281474976710656 0 281474976710656 4 11
4 0 0 8328209814794 8346951214694 0 281474976710656 0 281474976710656 12 13
5 0 0 4707118850458 4716601641921 0 281474976710656 0 281474976710656 14 5
30 0 0 10528654034997 10571818074250 0 281474976710656 0 281474976710656 1 15
8 0 0 4534647996895 4552055359438 0 281474976710656 0 281474976710656 16 17
10 0 0 2511437064671 2520757878309 0 281474976710656 0 281474976710656 18 6
154329658395211 154350683636177
0 115270704748173 115674647963284 0 19
173961102589770 173961102589771
74565835588752 74565835588753
218101384884806 218101384884807
158590695246746 158590695246747
101437842339644 101437842339645
124276392647921 124276392647922
86212142134126 86212142134127
180037134371011 180037134371012
195262834576529 195262834576530
206909141121903 206909141121904
215477122949499 215477122949500
109804156786616 109804156786617
115286852675876 115286852675877
119249876382091 119249876382092
122046809351175 122046809351176
78989958391076 78989958391077
81788019331802 81788019331803
83762851039411 83762851039412
85133254278538 85133254278539
9 0 1 281474976710656 281474976710656 0 281474976710656 0 281474976710656 1 2
44 0 2 107513874120885 107513874120886 0 281474976710656 0 281474976710656 3 2
15 0 0 48219878529180 48242416555134 0 281474976710656 0 281474976710656 4 5
16 0 0 27247548523298 27266698775401 0 281474976710656 0 281474976710656 1 6
29 0 3 41066645652000 41066645652001 0 281474976710656 0 281474976710656 3 7
3 0 0 20088652075969 20092396834040 0 281474976710656 0 281474976710656 8 9
55 0 0 11875963172507 11879367752013 0 281474976710656 0 281474976710656 10 2
28 0 0 18418354664755 18426963424631 0 281474976710656 0 281474976710656 4 11
4 0 0 8275387513661 8278592034577 0 281474976710656 0 281474976710656 12 13
5 0 0 4680373730693 4681997012076 0 281474976710656 0 281474976710656 14 5
30 0 0 10407637425787 10414952171198 0 281474976710656 0 281474976710656 1 15
8 0 0 4485807658842 4488761295009 0 281474976710656 0 281474976710656 16 17
10 0 0 2485275892928 2486858397601 0 281474976710656 0 281474976710656 18 6
151597642989839 151664460070721
0 85097085982291 86258460604879 0 19
173961102589770 173961102589771
74565835588752 74565835588753
218101384884806 218101384884807
158590695246746 158590695246747
101437842339644 101437842339645
124276392647921 124276392647922
86212142134126 86212142134127
180037134371011 180037134371012
195262834576529 195262834576530
206909141121903 206909141121904
215477122949499 215477122949500
109804156786616 109804156786617
115286852675876 115286852675877
119249876382091 119249876382092
122046809351175 122046809351176
78989958391076 78989958391077
81788019331802 81788019331803
83762851039411 83762851039412
85133254278538 85133254278539
10 0 1 281474976710656 281474976710656 0 281474976710656 0 281474976710656 1 2
53 0 2 107513874120885 107513874120886 0 281474976710656 0 281474976710656 3 2
19 0 0 46489723666758 46558059259244 0 281474976710656 0 281474976710656 4 5
21 0 0 25797511575877 25854036860158 0 281474976710656 0 281474976710656 1 6
31 0 3 41066645652000 41066645652001 0 281474976710656 0 281474976710656 3 7
7 0 0 20379030964664 20391280410566 0 281474976710656 0 281474976710656 8 9
56 0 0 12141487106545 12152756107763 0 281474976710656 0 281474976710656 10 2
35 0 0 17757494313111 17783596186800 0 281474976710656 0 281474976710656 4 11
9 0 0 8028227599725 8038033561461 0 281474976710656 0 281474976710656 12 13
5 0 0 4554873994977 4559864446727 0 281474976710656 0 281474976710656 14 5
37 0 0 9853772596816 9875363334188 0 281474976710656 0 281474976710656 1 15
8 0 0 4261584149003 4270346403696 0 281474976710656 0 281474976710656 16 17
10 0 0 2364989348512 2369695605931 0 281474976710656 0 281474976710656 18 6
153506334652340 153580904074869
1 106504045241869 107898741072419 0 19
173961102589770 173961102589771
218101384884806 218101384884807
74565835588752 74565835588753
158590695246746 158590695246747
124276392647921 124276392647922
101437842339644 101437842339645
86212142134126 86212142134127
180037134371011 180037134371012
206909141121903 206909141121904
195262834576529 195262834576530
215477122949499 215477122949500
109804156786616 109804156786617
119249876382091 119249876382092
115286852675876 115286852675877
122046809351175 122046809351176
78989958391076 78989958391077
83762851039411 83762851039412
81788019331802 81788019331803
85133254278538 85133254278539
11 0 1 281474976710656 281474976710656 0 281474976710656 0 281474976710656 1 2
23 0 2 107513874120885 107513874120886 0 281474976710656 0 281474976710656 1 3
1 0 0 47726749010666 47805715292014 0 281474976710656 0 281474976710656 4 5
5 0 0 26830231869386 26896841151316 0 281474976710656 0 281474976710656 6 2
40 0 3 41066645652000 41066645652001 0 281474976710656 0 281474976710656 7 3
14 0 0 20161871352988 20175261497660 0 281474976710656 0 281474976710656 8 9
58 0 0 11942624030950 11954835988933 0 281474976710656 0 281474976710656 1 10
44 0 0 18229995949539 18260158385049 0 281474976710656 0 281474976710656 11 5
15 0 0 8205176254115 8216431857857 0 281474976710656 0 281474976710656 12 13
16 0 0 4644782795429 4650491586907 0 281474976710656 0 281474976710656 4 14
46 0 0 10248236648064 10273679129796 0 281474976710656 0 281474976710656 15 2
19 0 0 4421393928548 4431681512857 0 281474976710656 0 281474976710656 16 17
21 0 0 2450751353590 2456266954394 0 281474976710656 0 281474976710656 6 18
154475275273366 154563126128726
1 117707717533547 119413626483309 0 19
173961102589770 173961102589771
218101384884806 218101384884807
74565835588752 74565835588753
158590695246746 158590695246747
124276392647921 124276392647922
101437842339644 101437842339645
86212142134126 86212142134127
180037134371011 180037134371012
206909141121903 206909141121904
195262834576529 195262834576530
215477122949499 215477122949500
109804156786616 109804156786617
119249876382091 119249876382092
115286852675876 115286852675877
122046809351175 122046809351176
78989958391076 78989958391077
83762851039411 83762851039412
81788019331802 81788019331803
85133254278538 85133254278539
12 0 1 281474976710656 281474976710656 0 281474976710656 0 281474976710656 1 2
28 0 2 107513874120885 107513874120886 0 281474976710656 0 281474976710656 1 3
4 0 0 48355607805697 48450271362205 0 281474976710656 0 281474976710656 4 5
5 0 0 27362978084358 27443628992045 0 281474976710656 0 281474976710656 6 2
45 0 3 41066645652000 41066645652001 0 281474976710656 0 281474976710656 7 3
14 0 0 20054288621640 20069900393505 0 281474976710656 0 281474976710656 8 9
58 0 0 11844745232261 11858922614998 0 281474976710656 0 281474976710656 1 10
44 0 0 18470198635116 18506356896207 0 281474976710656 0 281474976710656 11 5
15 0 0 8294680069320 8308127291707 0 281474976710656 0 281474976710656 12 13
16 0 0 4690145077657 4696953758537 0 281474976710656 0 281474976710656 4 14
46 0 0 10451727594806 10482533500319 0 281474976710656 0 281474976710656 15 2
19 0 0 4503607944191 4516040817960 0 281474976710656 0 281474976710656 16 17
21 0 0 2494812184149 2501471842085 0 281474976710656 0 281474976710656 6 18
153735232322829 153769213229434
1 108639464695340 109278520370020 0 19
173961102589770 173961102589771
218101384884806 218101384884807
74565835588752 74565835588753
158590695246746 158590695246747
124276392647921 124276392647922
101437842339644 101437842339645
86212142134126 86212142134127
180037134371011 180037134371012
206909141121903 206909141121904
195262834576529 195262834576530
215477122949499 215477122949500
109804156786616 109804156786617
119249876382091 119249876382092
115286852675876 115286852675877
122046809351175 122046809351176
78989958391076 78989958391077
83762851039411 83762851039412
81788019331802 81788019331803
85133254278538 85133254278539
13 0 1 281474976710656 281474976710656 0 281474976710656 0 281474976710656 1 2
23 0 2 107513874120885 107513874120886 0 281474976710656 0 281474976710656 1 3
1 0 0 47847574854394 47883644784165 0 281474976710656 0 281474976710656 4 5
5 0 0 26932183834300 26962656864712 0 281474976710656 0 281474976710656 6 2
40 0 3 41066645652000 41066645652001 0 281474976710656 0 281474976710656 7 3
14 0 0 20148702518088 20154792154429 0 281474976710656 0 281474976710656 8 9
58 0 0 11930620306928 11936170375188 0 281474976710656 0 281474976710656 1 10
44 0 0 18276147315123 18289924802325 0 281474976710656 0 281474976710656 11 5
15 0 0 8222396454995 8227535010547 0 281474976710656 0 281474976710656 12 13
16 0 0 4653516309172 4656121860838 0 281474976710656 0 281474976710656 4 14
46 0 0 10287178833442 10298818495320 0 281474976710656 0 281474976710656 15 2
19 0 0 4437139100195 4441844178475 0 281474976710656 0 281474976710656 16 17
21 0 0 2459192738183 2461714963935 0 281474976710656 0 281474976710656 6 18
153165159810030 153257175431108
1 102846626105816 104547848492530 0 19
173961102589770 173961102589771
218101384884806 218101384884807
74565835588752 74565835588753
158590695246746 158590695246747
124276392647921 124276392647922
101437842339644 101437842339645
86212142134126 86212142134127
180037134371011 180037134371012
206909141121903 206909141121904
195262834576529 195262834576530
215477122949499 215477122949500
109804156786616 109804156786617
119249876382091 119249876382092
115286852675876 115286852675877
122046809351175 122046809351176
78989958391076 78989958391077
83762851039411 83762851039412
81788019331802 81788019331803
85133254278538 85133254278539
14 0 1 281474976710656 281474976710656 0 281474976710656 0 281474976710656 1 2
27 0 2 107513874120885 107513874120886 0 281474976710656 0 281474976710656 1 3
1 0 0 47518737023805 47615660720220 0 281474976710656 0 281474976710656 4 5
5 0 0 26655165397344 26736666876603 0 281474976710656 0 281474976710656 6 2
40 0 3 41066645652000 41066645652001 0 281474976710656 0 281474976710656 7 3
14 0 0 20194177564411 20210757690442 0 281474976710656 0 281474976710656 8 9
58 0 0 11972098830283 11987240661455 0 281474976710656 0 281474976710656 1 10
44 0 0 18150542440625 18187563998341 0 281474976710656 0 281474976710656 11 5
15 0 0 8175504032812 8189334003498 0 281474976710656 0 281474976710656 12 13
16 0 0 4629727323710 4636745608502 0 281474976710656 0 281474976710656 4 14
46 0 0 10181367206035 10212498000979 0 281474976710656 0 281474976710656 15 2
19 0 0 4394344030545 4406939067485 0 281474976710656 0 281474976710656 16 17
21 0 0 2436245775605 2443000439154 0 281474976710656 0 281474976710656 6 18
154385907179288 154423786454866
1 116108427893145 116838669578009 0 19
173961102589770 173961102589771
218101384884806 218101384884807
74565835588752 74565835588753
158590695246746 158590695246747
124276392647921 124276392647922
101437842339644 101437842339645
86212142134126 86212142134127
180037134371011 180037134371012
206909141121903 206909141121904
195262834576529 195262834576530
215477122949499 215477122949500
109804156786616 109804156786617
119249876382091 119249876382092
115286852675876 115286852675877
122046809351175 122046809351176
78989958391076 78989958391077
83762851039411 83762851039412
81788019331802 81788019331803
85133254278538 85133254278539
15 0 1 281474976710656 281474976710656 0 281474976710656 0 281474976710656 1 2
28 0 2 107513874120885 107513874120886 0 281474976710656 0 281474976710656 1 3
4 0 0 48266601407863 48307273260578 0 281474976710656 0 281474976710656 4 5
5 0 0 27287255832097 27321844348757 0 281474976710656 0 281474976710656 6 2
45 0 3 41066645652000 41066645652001 0 281474976710656 0 281474976710656 7 3
14 0 0 20077896397927 20084637773674 0 281474976710656 0 281474976710656 8 9
58 0 0 11866187400285 11872314103008 0 281474976710656 0 281474976710656 1 10
44 0 0 18436201216360 18451736481712 0 281474976710656 0 281474976710656 11 5
15 0 0 8282030277694 8287811398182 0 281474976710656 0 281474976710656 12 13
16 0 0 4683738578364 4686666622446 0 281474976710656 0 281474976710656 4 14
46 0 0 10422804268147 10436015905891 0 281474976710656 0 281474976710656 15 2
19 0 0 4491931690819 4497265566822 0 281474976710656 0 281474976710656 16 17
21 0 0 2488556980919 2491414544949 0 281474976710656 0 281474976710656 6 18
151233774392422 151357218332532
1 81718541625674 83843610084026 0 19
173961102589770 173961102589771
218101384884806 218101384884807
74565835588752 74565835588753
158590695246746 158590695246747
124276392647921 124276392647922
101437842339644 101437842339645
86212142134126 86212142134127
180037134371011 180037134371012
206909141121903 206909141121904
195262834576529 195262834576530
215477122949499 215477122949500
109804156786616 109804156786617
119249876382091 119249876382092
115286852675876 115286852675877
122046809351175 122046809351176
78989958391076 78989958391077
83762851039411 83762851039412
81788019331802 81788019331803
85133254278538 85133254278539
16 0 1 281474976710656 281474976710656 0 281474976710656 0 281474976710656 1 2
30 0 2 107513874120885 107513874120886 0 281474976710656 0 281474976710656 1 3
8 0 0 46290114876019 46415808373125 0 281474976710656 0 281474976710656 4 5
10 0 0 25632750047614 25736439610934 0 281474976710656 0 281474976710656 6 2
47 0 3 41066645652000 41066645652001 0 281474976710656 0 281474976710656 7 3
18 0 0 20404572966010 20427280135139 0 281474976710656 0 281474976710656 8 9
59 0 0 12164990979163 12185906404194 0 281474976710656 0 281474976710656 1 10
51 0 0 17681250539502 17729261183232 0 281474976710656 0 281474976710656 11 5
20 0 0 7999563379354 8017616855154 0 281474976710656 0 281474976710656 12 13
16 0 0 4540280795973 4549472912900 0 281474976710656 0 281474976710656 4 14
53 0 0 9790839293058 9830445181968 0 281474976710656 0 281474976710656 15 2
19 0 0 4236033557659 4252115100044 0 281474976710656 0 281474976710656 16 17
21 0 0 2351263315221 2359902943702 0 281474976710656 0 281474976710656 6 18
153840132347695 153859515296599
1 109665575341814 110031127259621 0 19
173961102589770 173961102589771
218101384884806 218101384884807
74565835588752 74565835588753
158590695246746 158590695246747
124276392647921 124276392647922
101437842339644 101437842339645
86212142134126 86212142134127
180037134371011 180037134371012
206909141121903 206909141121904
195262834576529 195262834576530
215477122949499 215477122949500
109804156786616 109804156786617
119249876382091 119249876382092
115286852675876 115286852675877
122046809351175 122046809351176
78989958391076 78989958391077
83762851039411 83762851039412
81788019331802 81788019331803
85133254278538 85133254278539
17 0 1 281474976710656 281474976710656 0 281474976710656 0 281474976710656 1 2
23 0 2 107513874120885 107513874120886 0 281474976710656 0 281474976710656 1 3
1 0 0 47905471270524 47926071417030 0 281474976710656 0 281474976710656 4 5
5 0 0 26981104954412 26998522316962 0 281474976710656 0 281474976710656 6 2
40 0 3 41066645652000 41066645652001 0 281474976710656 0 281474976710656 7 3
14 0 0 20141552014049 20145022261701 0 281474976710656 0 281474976710656 8 9
58 0 0 11924105099363 11927266794558 0 281474976710656 0 281474976710656 1 10
44 0 0 18298261778258 18306130334051 0 281474976710656 0 281474976710656 11 5
15 0 0 8230643949902 8233577877571 0 281474976710656 0 281474976710656 12 13
16 0 0 4657698153696 4659185626976 0 281474976710656 0 281474976710656 4 14
46 0 0 10305865038557 10312517879057 0 281474976710656 0 281474976710656 15 2
19 0 0 4444692345712 4447381212412 0 281474976710656 0 281474976710656 16 17
21 0 0 2463241701665 2464683003453 0 281474976710656 0 281474976710656 6 18
153024121677679 153077747585316
1 100826857329190 101810097959174 0 19
173961102589770 173961102589771
218101384884806 218101384884807
74565835588752 74565835588753
158590695246746 158590695246747
124276392647921 124276392647922
101437842339644 101437842339645
86212142134126 86212142134127
180037134371011 180037134371012
206909141121903 206909141121904
195262834576529 195262834576530
215477122949499 215477122949500
109804156786616 109804156786617
119249876382091 119249876382092
115286852675876 115286852675877
122046809351175 122046809351176
78989958391076 78989958391077
83762851039411 83762851039412
81788019331802 81788019331803
85133254278538 85133254278539
18 0 1 281474976710656 281474976710656 0 281474976710656 0 281474976710656 1 2
34 0 2 107513874120885 107513874120886 0 281474976710656 0 281474976710656 1 3
1 0 0 47403282767395 47459538799154 0 281474976710656 0 281474976710656 4 5
5 0 0 26558243788549 26605447658752 0 281474976710656 0 281474976710656 6 2
40 0 3 41066645652000 41066645652001 0 281474976710656 0 281474976710656 7 3
14 0 0 20220919413219 20230600848553 0 281474976710656 0 281474976710656 8 9
58 0 0 11996525850746 12005375701085 0 281474976710656 0 281474976710656 1 10
44 0 0 18106442838822 18127930730883 0 281474976710656 0 281474976710656 11 5
15 0 0 8159020535528 8167053534409 0 281474976710656 0 281474976710656 12 13
16 0 0 4621360041720 4625438046231 0 281474976710656 0 281474976710656 4 14
46 0 0 10144346445720 10162376719737 0 281474976710656 0 281474976710656 15 2
19 0 0 4379361306029 4386659002202 0 281474976710656 0 281474976710656 16 17
21 0 0 2428209372576 2432123863378 0 281474976710656 0 281474976710656 6 18
154811553010538 154933287302800
1 121972489907950 124372664127965 0 19
173961102589770 173961102589771
218101384884806 218101384884807
74565835588752 74565835588753
158590695246746 158590695246747
124276392647921 124276392647922
101437842339644 101437842339645
86212142134126 86212142134127
180037134371011 180037134371012
206909141121903 206909141121904
195262834576529 195262834576530
215477122949499 215477122949500
109804156786616 109804156786617
119249876382091 119249876382092
115286852675876 115286852675877
122046809351175 122046809351176
78989958391076 78989958391077
83762851039411 83762851039412
81788019331802 81788019331803
85133254278538 85133254278539
19 0 1 281474976710656 281474976710656 0 281474976710656 0 281474976710656 1 2
35 0 2 107513874120885 107513874120886 0 281474976710656 0 281474976710656 1 3
9 0 0 48591733811295 48723845236131 0 281474976710656 0 281474976710656 4 5
5 0 0 27564374119413 27677379041265 0 281474976710656 0 281474976710656 6 2
52 0 3 41066645652000 41066645652001 0 281474976710656 0 281474976710656 7 3
14 0 0 20009528487665 20031077658603 0 281474976710656 0 281474976710656 8 9
58 0 0 11804146859690 11823683291702 0 281474976710656 0 281474976710656 1 10
44 0 0 18560390743627 18610852817613 0 281474976710656 0 281474976710656 11 5
15 0 0 8328209814794 8346951214694 0 281474976710656 0 281474976710656 12 13
16 0 0 4707118850458 4716601641921 0 281474976710656 0 281474976710656 4 14
46 0 0 10528654034997 10571818074250 0 281474976710656 0 281474976710656 15 2
19 0 0 4534647996895 4552055359438 0 281474976710656 0 281474976710656 16 17
21 0 0 2511437064671 2520757878309 0 281474976710656 0 281474976710656 6 18
154329658395211 154350683636177
1 115270704748173 115674647963284 0 19
173961102589770 173961102589771
218101384884806 218101384884807
74565835588752 74565835588753
158590695246746 158590695246747
124276392647921 124276392647922
101437842339644 101437842339645
86212142134126 86212142134127
180037134371011 180037134371012
206909141121903 206909141121904
195262834576529 195262834576530
215477122949499 215477122949500
109804156786616 109804156786617
119249876382091 119249876382092
115286852675876 115286852675877
122046809351175 122046809351176
78989958391076 78989958391077
83762851039411 83762851039412
81788019331802 81788019331803
85133254278538 85133254278539
20 0 1 281474976710656 281474976710656 0 281474976710656 0 281474976710656 1 2
28 0 2 107513874120885 107513874120886 0 281474976710656 0 281474976710656 1 3
4 0 0 48219878529180 48242416555134 0 281474976710656 0 281474976710656 4 5
5 0 0 27247548523298 27266698775401 0 281474976710656 0 281474976710656 6 2
45 0 3 41066645652000 41066645652001 0 281474976710656 0 281474976710656 7 3
14 0 0 20088652075969 20092396834040 0 281474976710656 0 281474976710656 8 9
58 0 0 11875963172507 11879367752013 0 281474976710656 0 281474976710656 1 10
44 0 0 18418354664755 18426963424631 0 281474976710656 0 281474976710656 11 5
15 0 0 8275387513661 8278592034577 0 281474976710656 0 281474976710656 12 13
16 0 0 4680373730693 4681997012076 0 281474976710656 0 281474976710656 4 14
46 0 0 10407637425787 10414952171198 0 281474976710656 0 281474976710656 15 2
19 0 0 4485807658842 4488761295009 0 281474976710656 0 281474976710656 16 17
21 0 0 2485275892928 2486858397601 0 281474976710656 0 281474976710656 6 18
151597642989839 151664460070721
1 85097085982291 86258460604879 0 19
173961102589770 173961102589771
218101384884806 218101384884807
74565835588752 74565835588753
158590695246746 158590695246747
124276392647921 124276392647922
101437842339644 101437842339645
86212142134126 86212142134127
180037134371011 180037134371012
206909141121903 206909141121904
195262834576529 195262834576530
215477122949499 215477122949500
109804156786616 109804156786617
119249876382091 119249876382092
115286852675876 115286852675877
122046809351175 122046809351176
78989958391076 78989958391077
83762851039411 83762851039412
81788019331802 81788019331803
85133254278538 85133254278539
21 0 1 281474976710656 281474976710656 0 281474976710656 0 281474976710656 1 2
37 0 2 107513874120885 107513874120886 0 281474976710656 0 281474976710656 1 3
8 0 0 46489723666758 46558059259244 0 281474976710656 0 281474976710656 4 5
10 0 0 25797511575877 25854036860158 0 281474976710656 0 281474976710656 6 2
47 0 3 41066645652000 41066645652001 0 281474976710656 0 281474976710656 7 3
18 0 0 20379030964664 20391280410566 0 281474976710656 0 281474976710656 8 9
59 0 0 12141487106545 12152756107763 0 281474976710656 0 281474976710656 1 10
51 0 0 17757494313111 17783596186800 0 281474976710656 0 281474976710656 11 5
20 0 0 8028227599725 8038033561461 0 281474976710656 0 281474976710656 12 13
16 0 0 4554873994977 4559864446727 0 281474976710656 0 281474976710656 4 14
53 0 0 9853772596816 9875363334188 0 281474976710656 0 281474976710656 15 2
19 0 0 4261584149003 4270346403696 0 281474976710656 0 281474976710656 16 17
21 0 0 2364989348512 2369695605931 0 281474976710656 0 281474976710656 6 18
149153035921655 149209692512038
0 173576235638237 174970931468787 0 17
173961102589770 173961102589771
81788019331802 81788019331803
218101384884806 218101384884807
158590695246746 158590695246747
101437842339644 101437842339645
124276392647921 124276392647922
86212142134126 86212142134127
180037134371011 180037134371012
195262834576529 195262834576530
206909141121903 206909141121904
215477122949499 215477122949500
109804156786616 109804156786617
115286852675876 115286852675877
119249876382091 119249876382092
122046809351175 122046809351176
83762851039411 83762851039412
85133254278538 85133254278539
22 0 1 281474976710656 281474976710656 0 281474976710656 0 281474976710656 1 2
38 0 2 107513874120885 107513874120886 0 281474976710656 0 281474976710656 3 2
11 0 0 51313900891154 51384165256822 0 281474976710656 0 281474976710656 4 5
57 0 0 29940413352266 30003079735154 0 281474976710656 0 281474976710656 1 6
22 0 3 41066645652000 41066645652001 0 281474976710656 0 281474976710656 3 7
0 0 0 19600166045077 19610410976360 0 281474976710656 0 281474976710656 8 9
54 0 0 11436220263344 11445354305897 0 281474976710656 0 281474976710656 10 2
23 0 0 19600166045077 19627004644565 0 281474976710656 0 281474976710656 4 11
1 0 0 8711764446303 8721593083928 0 281474976710656 0 281474976710656 12 13
5 0 0 4900530508132 4905468667804 0 281474976710656 0 281474976710656 14 5
-1
8 0 0 4899250452731 4908827344462 0 281474976710656 0 281474976710656 1 15
10 0 0 2706298982462 2711407160614 0 281474976710656 0 281474976710656 16 6
150993382494401 151064156919102
0 202310139510784 204207336044986 0 17
173961102589770 173961102589771
81788019331802 81788019331803
218101384884806 218101384884807
158590695246746 158590695246747
101437842339644 101437842339645
124276392647921 124276392647922
86212142134126 86212142134127
180037134371011 180037134371012
195262834576529 195262834576530
206909141121903 206909141121904
215477122949499 215477122949500
109804156786616 109804156786617
115286852675876 115286852675877
119249876382091 119249876382092
122046809351175 122046809351176
83762851039411 83762851039412
85133254278538 85133254278539
23 0 1 281474976710656 281474976710656 0 281474976710656 0 281474976710656 1 2
40 0 2 107513874120885 107513874120886 0 281474976710656 0 281474976710656 3 2
14 0 0 52728505486630 52819520332790 0 281474976710656 0 281474976710656 4 5
58 0 0 31215195995509 31298166948955 0 281474976710656 0 281474976710656 1 6
25 0 3 41066645652000 41066645652001 0 281474976710656 0 281474976710656 3 7
2 0 0 19397051203437 19409591526046 0 281474976710656 0 281474976710656 8 9
54 0 0 11255908397169 11266998005479 0 281474976710656 0 281474976710656 10 2
27 0 0 20140496919907 20175261497660 0 281474976710656 0 281474976710656 4 11
1 0 0 8908961932234 8921600990329 0 281474976710656 0 281474976710656 12 13
5 0 0 4999437921667 5005765121932 0 281474976710656 0 281474976710656 14 5
-1
8 0 0 5093680483237 5106307287695 0 281474976710656 0 281474976710656 1 15
10 0 0 2809905157377 2816626395319 0 281474976710656 0 281474976710656 16 6
148373404416088 148445126880978
0 162061350227347 163767259177109 0 17
173961102589770 173961102589771
81788019331802 81788019331803
218101384884806 218101384884807
158590695246746 158590695246747
101437842339644 101437842339645
124276392647921 124276392647922
86212142134126 86212142134127
180037134371011 180037134371012
195262834576529 195262834576530
206909141121903 206909141121904
215477122949499 215477122949500
109804156786616 109804156786617
115286852675876 115286852675877
119249876382091 119249876382092
122046809351175 122046809351176
83762851039411 83762851039412
85133254278538 85133254278539
24 0 1 281474976710656 281474976710656 0 281474976710656 0 281474976710656 1 2
41 0 2 107513874120885 107513874120886 0 281474976710656 0 281474976710656 3 2
13 0 0 50727340828432 50814970322940 0 281474976710656 0 281474976710656 4 5
57 0 0 29419924385760 29497383729521 0 281474976710656 0 281474976710656 1 6
26 0 3 41066645652000 41066645652001 0 281474976710656 0 281474976710656 3 7
0 0 0 19684003115540 19697083599631 0 281474976710656 0 281474976710656 8 9
54 0 0 11511077779631 11522780107254 0 281474976710656 0 281474976710656 10 2
23 0 0 19376120037560 19409591526046 0 281474976710656 0 281474976710656 4 11
1 0 0 8629576943071 8641871218292 0 281474976710656 0 281474976710656 12 13
5 0 0 4859202407261 4865388585225 0 281474976710656 0 281474976710656 14 5
-1
8 0 0 4819630637221 4831488411177 0 281474976710656 0 281474976710656 1 15
10 0 0 2663810924945 2670140935711 0 281474976710656 0 281474976710656 16 6
149361479683542 149429858846610
0 176927128218126 178628350604840 0 17
173961102589770 173961102589771
81788019331802 81788019331803
218101384884806 218101384884807
158590695246746 158590695246747
101437842339644 101437842339645
124276392647921 124276392647922
86212142134126 86212142134127
180037134371011 180037134371012
195262834576529 195262834576530
206909141121903 206909141121904
215477122949499 215477122949500
109804156786616 109804156786617
115286852675876 115286852675877
119249876382091 119249876382092
122046809351175 122046809351176
83762851039411 83762851039412
85133254278538 85133254278539
25 0 1 281474976710656 281474976710656 0 281474976710656 0 281474976710656 1 2
42 0 2 107513874120885 107513874120886 0 281474976710656 0 281474976710656 3 2
11 0 0 51482437029093 51567634343081 0 281474976710656 0 281474976710656 4 5
57 0 0 30090838933490 30167029965681 0 281474976710656 0 281474976710656 1 6
22 0 3 41066645652000 41066645652001 0 281474976710656 0 281474976710656 3 7
0 0 0 19573551609277 19585886083635 0 281474976710656 0 281474976710656 8 9
54 0 0 11412509365610 11423495024569 0 281474976710656 0 281474976710656 10 2
23 0 0 19664541121437 19697083599631 0 281474976710656 0 281474976710656 4 11
1 0 0 8735333470389 8747240174535 0 281474976710656 0 281474976710656 12 13
5 0 0 4912370696369 4918350227815 0 281474976710656 0 281474976710656 14 5
-1
8 0 0 4922235677348 4933873417142 0 281474976710656 0 281474976710656 1 15
10 0 0 2718558111593 2724763951776 0 281474976710656 0 281474976710656 16 6
149092627195236 149118732271506
0 172196456340636 172835512015316 0 17
173961102589770 173961102589771
81788019331802 81788019331803
218101384884806 218101384884807
158590695246746 158590695246747
101437842339644 101437842339645
124276392647921 124276392647922
86212142134126 86212142134127
180037134371011 180037134371012
195262834576529 195262834576530
206909141121903 206909141121904
215477122949499 215477122949500
109804156786616 109804156786617
115286852675876 115286852675877
119249876382091 119249876382092
122046809351175 122046809351176
83762851039411 83762851039412
85133254278538 85133254278539
26 0 1 281474976710656 281474976710656 0 281474976710656 0 281474976710656 1 2
38 0 2 107513874120885 107513874120886 0 281474976710656 0 281474976710656 3 2
11 0 0 51244223393639 51276515466739 0 281474976710656 0 281474976710656 4 5
57 0 0 29878337416095 29907098244635 0 281474976710656 0 281474976710656 1 6
22 0 3 41066645652000 41066645652001 0 281474976710656 0 281474976710656 3 7
0 0 0 19615873839033 19620599098486 0 281474976710656 0 281474976710656 8 9
54 0 0 11450226358844 11454441447418 0 281474976710656 0 281474976710656 10 2
23 0 0 19573551609277 19585886083635 0 281474976710656 0 281474976710656 4 11
1 0 0 8702014392481 8706533494648 0 281474976710656 0 281474976710656 12 13
5 0 0 4895630949494 4897901980117 0 281474976710656 0 281474976710656 14 5
-1
8 0 0 4889761839456 4894158316226 0 281474976710656 0 281474976710656 1 15
10 0 0 2701237383277 2703582699591 0 281474976710656 0 281474976710656 16 6
151215516287701 151249183886037
0 205242170518186 206150687168368 0 17
173961102589770 173961102589771
81788019331802 81788019331803
218101384884806 218101384884807
158590695246746 158590695246747
101437842339644 101437842339645
124276392647921 124276392647922
86212142134126 86212142134127
180037134371011 180037134371012
195262834576529 195262834576530
206909141121903 206909141121904
215477122949499 215477122949500
109804156786616 109804156786617
115286852675876 115286852675877
119249876382091 119249876382092
122046809351175 122046809351176
83762851039411 83762851039412
85133254278538 85133254278539
27 0 1 281474976710656 281474976710656 0 281474976710656 0 281474976710656 1 2
40 0 2 107513874120885 107513874120886 0 281474976710656 0 281474976710656 3 2
14 0 0 52869043238480 52912450571965 0 281474976710656 0 281474976710656 4 5
58 0 0 31343361654356 31383003483013 0 281474976710656 0 281474976710656 1 6
25 0 3 41066645652000 41066645652001 0 281474976710656 0 281474976710656 3 7
2 0 0 19384292857078 19390246474639 0 281474976710656 0 281474976710656 8 9
54 0 0 11244631763392 11249893222395 0 281474976710656 0 281474976710656 10 2
27 0 0 20194177564411 20210757690442 0 281474976710656 0 281474976710656 4 11
1 0 0 8928475698539 8934500035944 0 281474976710656 0 281474976710656 12 13
5 0 0 5009206039491 5012220978270 0 281474976710656 0 281474976710656 14 5
-1
8 0 0 5113183750333 5119214506832 0 281474976710656 0 281474976710656 1 15
10 0 0 2820286363340 2823495994735 0 281474976710656 0 281474976710656 16 6
150686990932366 150767307066983
0 197631366626630 199756435084982 0 17
173961102589770 173961102589771
81788019331802 81788019331803
218101384884806 218101384884807
158590695246746 158590695246747
101437842339644 101437842339645
124276392647921 124276392647922
86212142134126 86212142134127
180037134371011 180037134371012
195262834576529 195262834576530
206909141121903 206909141121904
215477122949499 215477122949500
109804156786616 109804156786617
115286852675876 115286852675877
119249876382091 119249876382092
122046809351175 122046809351176
83762851039411 83762851039412
85133254278538 85133254278539
28 0 1 281474976710656 281474976710656 0 281474976710656 0 281474976710656 1 2
45 0 2 107513874120885 107513874120886 0 281474976710656 0 281474976710656 3 2
14 0 0 52502809231656 52605538466963 0 281474976710656 0 281474976710656 4 5
58 0 0 31009945606145 31103280494826 0 281474976710656 0 281474976710656 1 6
25 0 3 41066645652000 41066645652001 0 281474976710656 0 281474976710656 3 7
2 0 0 19426605400741 19440882189283 0 281474976710656 0 281474976710656 8 9
54 0 0 11282052650105 11294693398680 0 281474976710656 0 281474976710656 10 2
27 0 0 20054288621640 20093527697890 0 281474976710656 0 281474976710656 4 11
1 0 0 8877594780803 8891876486512 0 281474976710656 0 281474976710656 12 13
5 0 0 4983729031757 4990882520683 0 281474976710656 0 281474976710656 14 5
-1
8 0 0 5062430211322 5076643432324 0 281474976710656 0 281474976710656 1 15
10 0 0 2793266897570 2800834961806 0 281474976710656 0 281474976710656 16 6
148586662238856 148617179526219
0 164636307132647 165366548817511 0 17
173961102589770 173961102589771
81788019331802 81788019331803
218101384884806 218101384884807
158590695246746 158590695246747
101437842339644 101437842339645
124276392647921 124276392647922
86212142134126 86212142134127
180037134371011 180037134371012
195262834576529 195262834576530
206909141121903 206909141121904
215477122949499 215477122949500
109804156786616 109804156786617
115286852675876 115286852675877
119249876382091 119249876382092
122046809351175 122046809351176
83762851039411 83762851039412
85133254278538 85133254278539
29 0 1 281474976710656 281474976710656 0 281474976710656 0 281474976710656 1 2
41 0 2 107513874120885 107513874120886 0 281474976710656 0 281474976710656 3 2
13 0 0 50859513225174 50896890342824 0 281474976710656 0 281474976710656 4 5
57 0 0 29536797300842 29569891210253 0 281474976710656 0 281474976710656 1 6
26 0 3 41066645652000 41066645652001 0 281474976710656 0 281474976710656 3 7
0 0 0 19671817187379 19677372125927 0 281474976710656 0 281474976710656 8 9
54 0 0 11500181312969 11505147787801 0 281474976710656 0 281474976710656 10 2
23 0 0 19426605400741 19440882189283 0 281474976710656 0 281474976710656 4 11
1 0 0 8648118378708 8653359424947 0 281474976710656 0 281474976710656 12 13
5 0 0 4868531465186 4871167900308 0 281474976710656 0 281474976710656 14 5
-1
8 0 0 4837520817428 4842585362645 0 281474976710656 0 281474976710656 1 15
10 0 0 2673360897335 2676064077881 0 281474976710656 0 281474976710656 16 6
151930238251496 151975713139954
0 216874162383620 218143106950759 0 17
173961102589770 173961102589771
81788019331802 81788019331803
218101384884806 218101384884807
158590695246746 158590695246747
101437842339644 101437842339645
124276392647921 124276392647922
86212142134126 86212142134127
180037134371011 180037134371012
195262834576529 195262834576530
206909141121903 206909141121904
215477122949499 215477122949500
109804156786616 109804156786617
115286852675876 115286852675877
119249876382091 119249876382092
122046809351175 122046809351176
83762851039411 83762851039412
85133254278538 85133254278539
30 0 1 281474976710656 281474976710656 0 281474976710656 0 281474976710656 1 2
47 0 2 107513874120885 107513874120886 0 281474976710656 0 281474976710656 3 2
18 0 0 53419865550942 53479313691508 0 281474976710656 0 281474976710656 4 5
59 0 0 31848359856287 31903117149904 0 281474976710656 0 281474976710656 1 6
32 0 3 41066645652000 41066645652001 0 281474976710656 0 281474976710656 3 7
6 0 0 19307457211956 19315436357047 0 281474976710656 0 281474976710656 8 9
54 0 0 11176842639999 11183872516017 0 281474976710656 0 281474976710656 10 2
34 0 0 20404572966010 20427280135139 0 281474976710656 0 281474976710656 4 11
1 0 0 9004824512586 9013051903785 0 281474976710656 0 281474976710656 12 13
5 0 0 5047391244524 5051502959977 0 281474976710656 0 281474976710656 14 5
-1
8 0 0 5189952257590 5198268852180 0 281474976710656 0 281474976710656 1 15
10 0 0 2861128539431 2865551185996 0 281474976710656 0 281474976710656 16 6
148009681308109 148112009886104
0 157102312582691 159502486802706 0 17
173961102589770 173961102589771
81788019331802 81788019331803
218101384884806 218101384884807
158590695246746 158590695246747
101437842339644 101437842339645
124276392647921 124276392647922
86212142134126 86212142134127
180037134371011 180037134371012
195262834576529 195262834576530
206909141121903 206909141121904
215477122949499 215477122949500
109804156786616 109804156786617
115286852675876 115286852675877
119249876382091 119249876382092
122046809351175 122046809351176
83762851039411 83762851039412
85133254278538 85133254278539
31 0 1 281474976710656 281474976710656 0 281474976710656 0 281474976710656 1 2
48 0 2 107513874120885 107513874120886 0 281474976710656 0 281474976710656 3 2
17 0 0 50471139885164 50595414102555 0 281474976710656 0 281474976710656 4 5
57 0 0 29194059198515 29303506737138 0 281474976710656 0 281474976710656 1 6
33 0 3 41066645652000 41066645652001 0 281474976710656 0 281474976710656 3 7
0 0 0 19716865133890 19735597547368 0 281474976710656 0 281474976710656 8 9
54 0 0 11540489197894 11557272109450 0 281474976710656 0 281474976710656 10 2
23 0 0 19278259985182 19325728512301 0 281474976710656 0 281474976710656 4 11
1 0 0 8593600336706 8611057313283 0 281474976710656 0 281474976710656 12 13
5 0 0 4841091781856 4849881129989 0 281474976710656 0 281474976710656 14 5
-1
8 0 0 4785036812720 4801803210886 0 281474976710656 0 281474976710656 1 15
10 0 0 2645339221335 2654292648201 0 281474976710656 0 281474976710656 16 6
149569715822721 149608966834252
0 179664878751482 180648119381466 0 17
173961102589770 173961102589771
81788019331802 81788019331803
218101384884806 218101384884807
158590695246746 158590695246747
101437842339644 101437842339645
124276392647921 124276392647922
86212142134126 86212142134127
180037134371011 180037134371012
195262834576529 195262834576530
206909141121903 206909141121904
215477122949499 215477122949500
109804156786616 109804156786617
115286852675876 115286852675877
119249876382091 119249876382092
122046809351175 122046809351176
83762851039411 83762851039412
85133254278538 85133254278539
32 0 1 281474976710656 281474976710656 0 281474976710656 0 281474976710656 1 2
49 0 2 107513874120885 107513874120886 0 281474976710656 0 281474976710656 3 2
11 0 0 51619423072123 51668465167298 0 281474976710656 0 281474976710656 4 5
57 0 0 30213392966889 30257331199770 0 281474976710656 0 281474976710656 1 6
22 0 3 41066645652000 41066645652001 0 281474976710656 0 281474976710656 3 7
0 0 0 19559008210794 19566074480886 0 281474976710656 0 281474976710656 8 9
54 0 0 11399563366162 11405852550298 0 281474976710656 0 281474976710656 10 2
23 0 0 19716865133890 19735597547368 0 281474976710656 0 281474976710656 4 11
1 0 0 8754475338191 8761325012366 0 281474976710656 0 281474976710656 12 13
5 0 0 4921983079905 4925421929703 0 281474976710656 0 281474976710656 14 5
-1
8 0 0 4940953669128 4947662630143 0 281474976710656 0 281474976710656 1 15
10 0 0 2728539135166 2732116088291 0 281474976710656 0 281474976710656 16 6
149054068590619 149069042794156
0 171443849451035 171809401368842 0 17
173961102589770 173961102589771
81788019331802 81788019331803
218101384884806 218101384884807
158590695246746 158590695246747
101437842339644 101437842339645
124276392647921 124276392647922
86212142134126 86212142134127
180037134371011 180037134371012
195262834576529 195262834576530
206909141121903 206909141121904
215477122949499 215477122949500
109804156786616 109804156786617
115286852675876 115286852675877
119249876382091 119249876382092
122046809351175 122046809351176
83762851039411 83762851039412
85133254278538 85133254278539
33 0 1 281474976710656 281474976710656 0 281474976710656 0 281474976710656 1 2
38 0 2 107513874120885 107513874120886 0 281474976710656 0 281474976710656 3 2
11 0 0 51206148282097 51224648017370 0 281474976710656 0 281474976710656 4 5
57 0 0 29844444349521 29860909647348 0 281474976710656 0 281474976710656 1 6
22 0 3 41066645652000 41066645652001 0 281474976710656 0 281474976710656 3 7
0 0 0 19623466546464 19626178521319 0 281474976710656 0 281474976710656 8 9
54 0 0 11456999698475 11459419513612 0 281474976710656 0 281474976710656 10 2
23 0 0 19559008210794 19566074480886 0 281474976710656 0 281474976710656 4 11
1 0 0 8696685020158 8699274558071 0 281474976710656 0 281474976710656 12 13
5 0 0 4892952482960 4894253980585 0 281474976710656 0 281474976710656 14 5
-1
8 0 0 4884580294529 4887097568694 0 281474976710656 0 281474976710656 1 15
10 0 0 2698473130150 2699816065647 0 281474976710656 0 281474976710656 16 6
151321778106869 151341410018423
0 206708186021888 207239818017736 0 17
173961102589770 173961102589771
81788019331802 81788019331803
218101384884806 218101384884807
158590695246746 158590695246747
101437842339644 101437842339645
124276392647921 124276392647922
86212142134126 86212142134127
180037134371011 180037134371012
195262834576529 195262834576530
206909141121903 206909141121904
215477122949499 215477122949500
109804156786616 109804156786617
115286852675876 115286852675877
119249876382091 119249876382092
122046809351175 122046809351176
83762851039411 83762851039412
85133254278538 85133254278539
34 0 1 281474976710656 281474976710656 0 281474976710656 0 281474976710656 1 2
40 0 2 107513874120885 107513874120886 0 281474976710656 0 281474976710656 3 2
14 0 0 52939054307581 52964400634344 0 281474976710656 0 281474976710656 4 5
58 0 0 31407312424171 31430481633152 0 281474976710656 0 281474976710656 1 6
25 0 3 41066645652000 41066645652001 0 281474976710656 0 281474976710656 3 7
2 0 0 19377180764791 19380648942840 0 281474976710656 0 281474976710656 8 9
54 0 0 11238348174590 11241412110780 0 281474976710656 0 281474976710656 10 2
27 0 0 20220919413219 20230600848553 0 281474976710656 0 281474976710656 4 11
1 0 0 8938191613640 8941708249989 0 281474976710656 0 281474976710656 12 13
5 0 0 5014068301886 5015827967172 0 281474976710656 0 281474976710656 14 5
-1
8 0 0 5122912272584 5126436397926 0 281474976710656 0 281474976710656 1 15
10 0 0 2825463885728 2827339298503 0 281474976710656 0 281474976710656 16 6
150569046372649 150613323683564
0 195216516105777 196377890728365 0 17
173961102589770 173961102589771
81788019331802 81788019331803
218101384884806 218101384884807
158590695246746 158590695246747
101437842339644 101437842339645
124276392647921 124276392647922
86212142134126 86212142134127
180037134371011 180037134371012
195262834576529 195262834576530
206909141121903 206909141121904
215477122949499 215477122949500
109804156786616 109804156786617
115286852675876 115286852675877
119249876382091 119249876382092
122046809351175 122046809351176
83762851039411 83762851039412
85133254278538 85133254278539
35 0 1 281474976710656 281474976710656 0 281474976710656 0 281474976710656 1 2
52 0 2 107513874120885 107513874120886 0 281474976710656 0 281474976710656 3 2
14 0 0 52385625679567 52442042141511 0 281474976710656 0 281474976710656 4 5
58 0 0 30903657686864 30954804729888 0 281474976710656 0 281474976710656 1 6
25 0 3 41066645652000 41066645652001 0 281474976710656 0 281474976710656 3 7
2 0 0 19449354464438 19457238329593 0 281474976710656 0 281474976710656 8 9
54 0 0 11302198251966 11309184195044 0 281474976710656 0 281474976710656 10 2
27 0 0 20009528487665 20031077658603 0 281474976710656 0 281474976710656 4 11
1 0 0 8861294503584 8869143265763 0 281474976710656 0 281474976710656 12 13
5 0 0 4975562199877 4979494921372 0 281474976710656 0 281474976710656 14 5
-1
8 0 0 5046239235991 5054031228174 0 281474976710656 0 281474976710656 1 15
10 0 0 2784644389781 2788794197457 0 281474976710656 0 281474976710656 16 6
148677920242934 148694751790799
0 165800328747372 166204271962483 0 17
173961102589770 173961102589771
81788019331802 81788019331803
218101384884806 218101384884807
158590695246746 158590695246747
101437842339644 101437842339645
124276392647921 124276392647922
86212142134126 86212142134127
180037134371011 180037134371012
195262834576529 195262834576530
206909141121903 206909141121904
215477122949499 215477122949500
109804156786616 109804156786617
115286852675876 115286852675877
119249876382091 119249876382092
122046809351175 122046809351176
83762851039411 83762851039412
85133254278538 85133254278539
36 0 1 281474976710656 281474976710656 0 281474976710656 0 281474976710656 1 2
41 0 2 107513874120885 107513874120886 0 281474976710656 0 281474976710656 3 2
13 0 0 50919071047143 50939711274081 0 281474976710656 0 281474976710656 4 5
57 0 0 29589539171238 29607828607657 0 281474976710656 0 281474976710656 1 6
26 0 3 41066645652000 41066645652001 0 281474976710656 0 281474976710656 3 7
0 0 0 19665463597687 19668524722897 0 281474976710656 0 281474976710656 8 9
54 0 0 11494502156931 11497238161884 0 281474976710656 0 281474976710656 10 2
23 0 0 19449354464438 19457238329593 0 281474976710656 0 281474976710656 4 11
1 0 0 8656469140621 8659362562636 0 281474976710656 0 281474976710656 12 13
5 0 0 4872732078853 4874187381702 0 281474976710656 0 281474976710656 14 5
-1
8 0 0 4845591935704 4848390447880 0 281474976710656 0 281474976710656 1 15
10 0 0 2677668755568 2679162340481 0 281474976710656 0 281474976710656 16 6
151862815389207 151887399887884
0 215449982173588 216132571402826 0 17
173961102589770 173961102589771
81788019331802 81788019331803
218101384884806 218101384884807
158590695246746 158590695246747
101437842339644 101437842339645
124276392647921 124276392647922
86212142134126 86212142134127
180037134371011 180037134371012
195262834576529 195262834576530
206909141121903 206909141121904
215477122949499 215477122949500
109804156786616 109804156786617
115286852675876 115286852675877
119249876382091 119249876382092
122046809351175 122046809351176
83762851039411 83762851039412
85133254278538 85133254278539
37 0 1 281474976710656 281474976710656 0 281474976710656 0 281474976710656 1 2
47 0 2 107513874120885 107513874120886 0 281474976710656 0 281474976710656 3 2
18 0 0 53352995723278 53385065188990 0 281474976710656 0 281474976710656 4 5
59 0 0 31786825918905 31816328547110 0 281474976710656 0 281474976710656 1 6
32 0 3 41066645652000 41066645652001 0 281474976710656 0 281474976710656 3 7
6 0 0 19320115753867 19324433504052 0 281474976710656 0 281474976710656 8 9
54 0 0 11187996268375 11191802010742 0 281474976710656 0 281474976710656 10 2
34 0 0 20379030964664 20391280410566 0 281474976710656 0 281474976710656 4 11
1 0 0 8995567052644 9000007138088 0 281474976710656 0 281474976710656 12 13
5 0 0 5042764012626 5044983433336 0 281474976710656 0 281474976710656 14 5
-1
8 0 0 5180604681397 5185086634083 0 281474976710656 0 281474976710656 1 15
10 0 0 2856157183259 2858540896040 0 281474976710656 0 281474976710656 16 6
149153035921655 149209692512038
1 173576235638237 174970931468787 0 17
173961102589770 173961102589771
218101384884806 218101384884807
81788019331802 81788019331803
158590695246746 158590695246747
124276392647921 124276392647922
101437842339644 101437842339645
86212142134126 86212142134127
180037134371011 180037134371012
206909141121903 206909141121904
195262834576529 195262834576530
215477122949499 215477122949500
109804156786616 109804156786617
119249876382091 119249876382092
115286852675876 115286852675877
122046809351175 122046809351176
83762851039411 83762851039412
85133254278538 85133254278539
38 0 1 281474976710656 281474976710656 0 281474976710656 0 281474976710656 1 2
22 0 2 107513874120885 107513874120886 0 281474976710656 0 281474976710656 1 3
0 0 0 51313900891154 51384165256822 0 281474976710656 0 281474976710656 4 5
54 0 0 29940413352266 30003079735154 0 281474976710656 0 281474976710656 6 2
38 0 3 41066645652000 41066645652001 0 281474976710656 0 281474976710656 7 3
11 0 0 19600166045077 19610410976360 0 281474976710656 0 281474976710656 8 9
57 0 0 11436220263344 11445354305897 0 281474976710656 0 281474976710656 1 10
39 0 0 19600166045077 19627004644565 0 281474976710656 0 281474976710656 11 5
12 0 0 8711764446303 8721593083928 0 281474976710656 0 281474976710656 12 13
16 0 0 4900530508132 4905468667804 0 281474976710656 0 281474976710656 4 14
-1
19 0 0 4899250452731 4908827344462 0 281474976710656 0 281474976710656 15 2
21 0 0 2706298982462 2711407160614 0 281474976710656 0 281474976710656 6 16
150993382494401 151064156919102
1 202310139510784 204207336044986 0 17
173961102589770 173961102589771
218101384884806 218101384884807
81788019331802 81788019331803
158590695246746 158590695246747
124276392647921 124276392647922
101437842339644 101437842339645
86212142134126 86212142134127
180037134371011 180037134371012
206909141121903 206909141121904
195262834576529 195262834576530
215477122949499 215477122949500
109804156786616 109804156786617
119249876382091 119249876382092
115286852675876 115286852675877
122046809351175 122046809351176
83762851039411 83762851039412
85133254278538 85133254278539
39 0 1 281474976710656 281474976710656 0 281474976710656 0 281474976710656 1 2
24 0 2 107513874120885 107513874120886 0 281474976710656 0 281474976710656 1 3
3 0 0 52728505486630 52819520332790 0 281474976710656 0 281474976710656 4 5
55 0 0 31215195995509 31298166948955 0 281474976710656 0 281474976710656 6 2
41 0 3 41066645652000 41066645652001 0 281474976710656 0 281474976710656 7 3
13 0 0 19397051203437 19409591526046 0 281474976710656 0 281474976710656 8 9
57 0 0 11255908397169 11266998005479 0 281474976710656 0 281474976710656 1 10
43 0 0 20140496919907 20175261497660 0 281474976710656 0 281474976710656 11 5
12 0 0 8908961932234 8921600990329 0 281474976710656 0 281474976710656 12 13
16 0 0 4999437921667 5005765121932 0 281474976710656 0 281474976710656 4 14
-1
19 0 0 5093680483237 5106307287695 0 281474976710656 0 281474976710656 15 2
21 0 0 2809905157377 2816626395319 0 281474976710656 0 281474976710656 6 16
148373404416088 148445126880978
1 162061350227347 163767259177109 0 17
173961102589770 173961102589771
218101384884806 218101384884807
81788019331802 81788019331803
158590695246746 158590695246747
124276392647921 124276392647922
101437842339644 101437842339645
86212142134126 86212142134127
180037134371011 180037134371012
206909141121903 206909141121904
195262834576529 195262834576530
215477122949499 215477122949500
109804156786616 109804156786617
119249876382091 119249876382092
115286852675876 115286852675877
122046809351175 122046809351176
83762851039411 83762851039412
85133254278538 85133254278539
40 0 1 281474976710656 281474976710656 0 281474976710656 0 281474976710656 1 2
25 0 2 107513874120885 107513874120886 0 281474976710656 0 281474976710656 1 3
2 0 0 50727340828432 50814970322940 0 281474976710656 0 281474976710656 4 5
54 0 0 29419924385760 29497383729521 0 281474976710656 0 281474976710656 6 2
42 0 3 41066645652000 41066645652001 0 281474976710656 0 281474976710656 7 3
11 0 0 19684003115540 19697083599631 0 281474976710656 0 281474976710656 8 9
57 0 0 11511077779631 11522780107254 0 281474976710656 0 281474976710656 1 10
39 0 0 19376120037560 19409591526046 0 281474976710656 0 281474976710656 11 5
12 0 0 8629576943071 8641871218292 0 281474976710656 0 281474976710656 12 13
16 0 0 4859202407261 4865388585225 0 281474976710656 0 281474976710656 4 14
-1
19 0 0 4819630637221 4831488411177 0 281474976710656 0 281474976710656 15 2
21 0 0 2663810924945 2670140935711 0 281474976710656 0 281474976710656 6 16
149361479683542 149429858846610
1 176927128218126 178628350604840 0 17
173961102589770 173961102589771
218101384884806 218101384884807
81788019331802 81788019331803
158590695246746 158590695246747
124276392647921 124276392647922
101437842339644 101437842339645
86212142134126 86212142134127
180037134371011 180037134371012
206909141121903 206909141121904
195262834576529 195262834576530
215477122949499 215477122949500
109804156786616 109804156786617
119249876382091 119249876382092
115286852675876 115286852675877
122046809351175 122046809351176
83762851039411 83762851039412
85133254278538 85133254278539
41 0 1 281474976710656 281474976710656 0 281474976710656 0 281474976710656 1 2
26 0 2 107513874120885 107513874120886 0 281474976710656 0 281474976710656 1 3
0 0 0 51482437029093 51567634343081 0 281474976710656 0 281474976710656 4 5
54 0 0 30090838933490 30167029965681 0 281474976710656 0 281474976710656 6 2
38 0 3 41066645652000 41066645652001 0 281474976710656 0 281474976710656 7 3
11 0 0 19573551609277 19585886083635 0 281474976710656 0 281474976710656 8 9
57 0 0 11412509365610 11423495024569 0 281474976710656 0 281474976710656 1 10
39 0 0 19664541121437 19697083599631 0 281474976710656 0 281474976710656 11 5
12 0 0 8735333470389 8747240174535 0 281474976710656 0 281474976710656 12 13
16 0 0 4912370696369 4918350227815 0 281474976710656 0 281474976710656 4 14
-1
19 0 0 4922235677348 4933873417142 0 281474976710656 0 281474976710656 15 2
21 0 0 2718558111593 2724763951776 0 281474976710656 0 281474976710656 6 16
149092627195236 149118732271506
1 172196456340636 172835512015316 0 17
173961102589770 173961102589771
218101384884806 218101384884807
81788019331802 81788019331803
158590695246746 158590695246747
124276392647921 124276392647922
101437842339644 101437842339645
86212142134126 86212142134127
180037134371011 180037134371012
206909141121903 206909141121904
195262834576529 195262834576530
215477122949499 215477122949500
109804156786616 109804156786617
119249876382091 119249876382092
115286852675876 115286852675877
122046809351175 122046809351176
83762851039411 83762851039412
85133254278538 85133254278539
42 0 1 281474976710656 281474976710656 0 281474976710656 0 281474976710656 1 2
22 0 2 107513874120885 107513874120886 0 281474976710656 0 281474976710656 1 3
0 0 0 51244223393639 51276515466739 0 281474976710656 0 281474976710656 4 5
54 0 0 29878337416095 29907098244635 0 281474976710656 0 281474976710656 6 2
38 0 3 41066645652000 41066645652001 0 281474976710656 0 281474976710656 7 3
11 0 0 19615873839033 19620599098486 0 281474976710656 0 281474976710656 8 9
57 0 0 11450226358844 11454441447418 0 281474976710656 0 281474976710656 1 10
39 0 0 19573551609277 19585886083635 0 281474976710656 0 281474976710656 11 5
12 0 0 8702014392481 8706533494648 0 281474976710656 0 281474976710656 12 13
16 0 0 4895630949494 4897901980117 0 281474976710656 0 281474976710656 4 14
-1
19 0 0 4889761839456 4894158316226 0 281474976710656 0 281474976710656 15 2
21 0 0 2701237383277 2703582699591 0 281474976710656 0 281474976710656 6 16
151215516287701 151249183886037
1 205242170518186 206150687168368 0 17
173961102589770 173961102589771
218101384884806 218101384884807
81788019331802 81788019331803
158590695246746 158590695246747
124276392647921 124276392647922
101437842339644 101437842339645
86212142134126 86212142134127
180037134371011 180037134371012
206909141121903 206909141121904
195262834576529 195262834576530
215477122949499 215477122949500
109804156786616 109804156786617
119249876382091 119249876382092
115286852675876 115286852675877
122046809351175 122046809351176
83762851039411 83762851039412
85133254278538 85133254278539
43 0 1 281474976710656 281474976710656 0 281474976710656 0 281474976710656 1 2
24 0 2 107513874120885 107513874120886 0 281474976710656 0 281474976710656 1 3
3 0 0 52869043238480 52912450571965 0 281474976710656 0 281474976710656 4 5
55 0 0 31343361654356 31383003483013 0 281474976710656 0 281474976710656 6 2
41 0 3 41066645652000 41066645652001 0 281474976710656 0 281474976710656 7 3
13 0 0 19384292857078 19390246474639 0 281474976710656 0 281474976710656 8 9
57 0 0 11244631763392 11249893222395 0 281474976710656 0 281474976710656 1 10
43 0 0 20194177564411 20210757690442 0 281474976710656 0 281474976710656 11 5
12 0 0 8928475698539 8934500035944 0 281474976710656 0 281474976710656 12 13
16 0 0 5009206039491 5012220978270 0 281474976710656 0 281474976710656 4 14
-1
19 0 0 5113183750333 5119214506832 0 281474976710656 0 281474976710656 15 2
21 0 0 2820286363340 2823495994735 0 281474976710656 0 281474976710656 6 16
150686990932366 150767307066983
1 197631366626630 199756435084982 0 17
173961102589770 173961102589771
218101384884806 218101384884807
81788019331802 81788019331803
158590695246746 158590695246747
124276392647921 124276392647922
101437842339644 101437842339645
86212142134126 86212142134127
180037134371011 180037134371012
206909141121903 206909141121904
195262834576529 195262834576530
215477122949499 215477122949500
109804156786616 109804156786617
119249876382091 119249876382092
115286852675876 115286852675877
122046809351175 122046809351176
83762851039411 83762851039412
85133254278538 85133254278539
44 0 1 281474976710656 281474976710656 0 281474976710656 0 281474976710656 1 2
29 0 2 107513874120885 107513874120886 0 281474976710656 0 281474976710656 1 3
3 0 0 52502809231656 52605538466963 0 281474976710656 0 281474976710656 4 5
55 0 0 31009945606145 31103280494826 0 281474976710656 0 281474976710656 6 2
41 0 3 41066645652000 41066645652001 0 281474976710656 0 281474976710656 7 3
13 0 0 19426605400741 19440882189283 0 281474976710656 0 281474976710656 8 9
57 0 0 11282052650105 11294693398680 0 281474976710656 0 281474976710656 1 10
43 0 0 20054288621640 20093527697890 0 281474976710656 0 281474976710656 11 5
12 0 0 8877594780803 8891876486512 0 281474976710656 0 281474976710656 12 13
16 0 0 4983729031757 4990882520683 0 281474976710656 0 281474976710656 4 14
-1
19 0 0 5062430211322 5076643432324 0 281474976710656 0 281474976710656 15 2
21 0 0 2793266897570 2800834961806 0 281474976710656 0 281474976710656 6 16
148586662238856 148617179526219
1 164636307132647 165366548817511 0 17
173961102589770 173961102589771
218101384884806 218101384884807
81788019331802 81788019331803
158590695246746 158590695246747
124276392647921 124276392647922
101437842339644 101437842339645
86212142134126 86212142134127
180037134371011 180037134371012
206909141121903 206909141121904
195262834576529 195262834576530
215477122949499 215477122949500
109804156786616 109804156786617
119249876382091 119249876382092
115286852675876 115286852675877
122046809351175 122046809351176
83762851039411 83762851039412
85133254278538 85133254278539
45 0 1 281474976710656 281474976710656 0 281474976710656 0 281474976710656 1 2
25 0 2 107513874120885 107513874120886 0 281474976710656 0 281474976710656 1 3
2 0 0 50859513225174 50896890342824 0 281474976710656 0 281474976710656 4 5
54 0 0 29536797300842 29569891210253 0 281474976710656 0 281474976710656 6 2
42 0 3 41066645652000 41066645652001 0 281474976710656 0 281474976710656 7 3
11 0 0 19671817187379 19677372125927 0 281474976710656 0 281474976710656 8 9
57 0 0 11500181312969 11505147787801 0 281474976710656 0 281474976710656 1 10
39 0 0 19426605400741 19440882189283 0 281474976710656 0 281474976710656 11 5
12 0 0 8648118378708 8653359424947 0 281474976710656 0 281474976710656 12 13
16 0 0 4868531465186 4871167900308 0 281474976710656 0 281474976710656 4 14
-1
19 0 0 4837520817428 4842585362645 0 281474976710656 0 281474976710656 15 2
21 0 0 2673360897335 2676064077881 0 281474976710656 0 281474976710656 6 16
151930238251496 151975713139954
1 216874162383620 218143106950759 0 17
173961102589770 173961102589771
218101384884806 218101384884807
81788019331802 81788019331803
158590695246746 158590695246747
124276392647921 124276392647922
101437842339644 101437842339645
86212142134126 86212142134127
180037134371011 180037134371012
206909141121903 206909141121904
195262834576529 195262834576530
215477122949499 215477122949500
109804156786616 109804156786617
119249876382091 119249876382092
115286852675876 115286852675877
122046809351175 122046809351176
83762851039411 83762851039412
85133254278538 85133254278539
46 0 1 281474976710656 281474976710656 0 281474976710656 0 281474976710656 1 2
31 0 2 107513874120885 107513874120886 0 281474976710656 0 281474976710656 1 3
7 0 0 53419865550942 53479313691508 0 281474976710656 0 281474976710656 4 5
56 0 0 31848359856287 31903117149904 0 281474976710656 0 281474976710656 6 2
48 0 3 41066645652000 41066645652001 0 281474976710656 0 281474976710656 7 3
17 0 0 19307457211956 19315436357047 0 281474976710656 0 281474976710656 8 9
57 0 0 11176842639999 11183872516017 0 281474976710656 0 281474976710656 1 10
50 0 0 20404572966010 20427280135139 0 281474976710656 0 281474976710656 11 5
12 0 0 9004824512586 9013051903785 0 281474976710656 0 281474976710656 12 13
16 0 0 5047391244524 5051502959977 0 281474976710656 0 281474976710656 4 14
-1
19 0 0 5189952257590 5198268852180 0 281474976710656 0 281474976710656 15 2
21 0 0 2861128539431 2865551185996 0 281474976710656 0 281474976710656 6 16
148009681308109 148112009886104
1 157102312582691 159502486802706 0 17
173961102589770 173961102589771
218101384884806 218101384884807
81788019331802 81788019331803
158590695246746 158590695246747
124276392647921 124276392647922
101437842339644 101437842339645
86212142134126 86212142134127
180037134371011 180037134371012
206909141121903 206909141121904
195262834576529 195262834576530
215477122949499 215477122949500
109804156786616 109804156786617
119249876382091 119249876382092
115286852675876 115286852675877
122046809351175 122046809351176
83762851039411 83762851039412
85133254278538 85133254278539
47 0 1 281474976710656 281474976710656 0 281474976710656 0 281474976710656 1 2
32 0 2 107513874120885 107513874120886 0 281474976710656 0 281474976710656 1 3
6 0 0 50471139885164 50595414102555 0 281474976710656 0 281474976710656 4 5
54 0 0 29194059198515 29303506737138 0 281474976710656 0 281474976710656 6 2
49 0 3 41066645652000 41066645652001 0 281474976710656 0 281474976710656 7 3
11 0 0 19716865133890 19735597547368 0 281474976710656 0 281474976710656 8 9
57 0 0 11540489197894 11557272109450 0 281474976710656 0 281474976710656 1 10
39 0 0 19278259985182 19325728512301 0 281474976710656 0 281474976710656 11 5
12 0 0 8593600336706 8611057313283 0 281474976710656 0 281474976710656 12 13
16 0 0 4841091781856 4849881129989 0 281474976710656 0 281474976710656 4 14
-1
19 0 0 4785036812720 4801803210886 0 281474976710656 0 281474976710656 15 2
21 0 0 2645339221335 2654292648201 0 281474976710656 0 281474976710656 6 16
149569715822721 149608966834252
1 179664878751482 180648119381466 0 17
173961102589770 173961102589771
218101384884806 218101384884807
81788019331802 81788019331803
158590695246746 158590695246747
124276392647921 124276392647922
101437842339644 101437842339645
86212142134126 86212142134127
180037134371011 180037134371012
206909141121903 206909141121904
195262834576529 195262834576530
215477122949499 215477122949500
109804156786616 109804156786617
119249876382091 119249876382092
115286852675876 115286852675877
122046809351175 122046809351176
83762851039411 83762851039412
85133254278538 85133254278539
48 0 1 281474976710656 281474976710656 0 281474976710656 0 281474976710656 1 2
33 0 2 107513874120885 107513874120886 0 281474976710656 0 281474976710656 1 3
0 0 0 51619423072123 51668465167298 0 281474976710656 0 281474976710656 4 5
54 0 0 30213392966889 30257331199770 0 281474976710656 0 281474976710656 6 2
38 0 3 41066645652000 41066645652001 0 281474976710656 0 281474976710656 7 3
11 0 0 19559008210794 19566074480886 0 281474976710656 0 281474976710656 8 9
57 0 0 11399563366162 11405852550298 0 281474976710656 0 281474976710656 1 10
39 0 0 19716865133890 19735597547368 0 281474976710656 0 281474976710656 11 5
12 0 0 8754475338191 8761325012366 0 281474976710656 0 281474976710656 12 13
16 0 0 4921983079905 4925421929703 0 281474976710656 0 281474976710656 4 14
-1
19 0 0 4940953669128 4947662630143 0 281474976710656 0 281474976710656 15 2
21 0 0 2728539135166 2732116088291 0 281474976710656 0 281474976710656 6 16
149054068590619 149069042794156
1 171443849451035 171809401368842 0 17
173961102589770 173961102589771
218101384884806 218101384884807
81788019331802 81788019331803
158590695246746 158590695246747
124276392647921 124276392647922
101437842339644 101437842339645
86212142134126 86212142134127
180037134371011 180037134371012
206909141121903 206909141121904
195262834576529 195262834576530
215477122949499 215477122949500
109804156786616 109804156786617
119249876382091 119249876382092
115286852675876 115286852675877
122046809351175 122046809351176
83762851039411 83762851039412
85133254278538 85133254278539
49 0 1 281474976710656 281474976710656 0 281474976710656 0 281474976710656 1 2
22 0 2 107513874120885 107513874120886 0 281474976710656 0 281474976710656 1 3
0 0 0 51206148282097 51224648017370 0 281474976710656 0 281474976710656 4 5
54 0 0 29844444349521 29860909647348 0 281474976710656 0 281474976710656 6 2
38 0 3 41066645652000 41066645652001 0 281474976710656 0 281474976710656 7 3
11 0 0 19623466546464 19626178521319 0 281474976710656 0 281474976710656 8 9
57 0 0 11456999698475 11459419513612 0 281474976710656 0 281474976710656 1 10
39 0 0 19559008210794 19566074480886 0 281474976710656 0 281474976710656 11 5
12 0 0 8696685020158 8699274558071 0 281474976710656 0 281474976710656 12 13
16 0 0 4892952482960 4894253980585 0 281474976710656 0 281474976710656 4 14
-1
19 0 0 4884580294529 4887097568694 0 281474976710656 0 281474976710656 15 2
21 0 0 2698473130150 2699816065647 0 281474976710656 0 281474976710656 6 16
151321778106869 151341410018423
1 206708186021888 207239818017736 0 17
173961102589770 173961102589771
218101384884806 218101384884807
81788019331802 81788019331803
158590695246746 158590695246747
124276392647921 124276392647922
101437842339644 101437842339645
86212142134126 86212142134127
180037134371011 180037134371012
206909141121903 206909141121904
195262834576529 195262834576530
215477122949499 215477122949500
109804156786616 109804156786617
119249876382091 119249876382092
115286852675876 115286852675877
122046809351175 122046809351176
83762851039411 83762851039412
85133254278538 85133254278539
50 0 1 281474976710656 281474976710656 0 281474976710656 0 281474976710656 1 2
24 0 2 107513874120885 107513874120886 0 281474976710656 0 281474976710656 1 3
3 0 0 52939054307581 52964400634344 0 281474976710656 0 281474976710656 4 5
55 0 0 31407312424171 31430481633152 0 281474976710656 0 281474976710656 6 2
41 0 3 41066645652000 41066645652001 0 281474976710656 0 281474976710656 7 3
13 0 0 19377180764791 19380648942840 0 281474976710656 0 281474976710656 8 9
57 0 0 11238348174590 11241412110780 0 281474976710656 0 281474976710656 1 10
43 0 0 20220919413219 20230600848553 0 281474976710656 0 281474976710656 11 5
12 0 0 8938191613640 8941708249989 0 281474976710656 0 281474976710656 12 13
16 0 0 5014068301886 5015827967172 0 281474976710656 0 281474976710656 4 14
-1
19 0 0 5122912272584 5126436397926 0 281474976710656 0 281474976710656 15 2
21 0 0 2825463885728 2827339298503 0 281474976710656 0 281474976710656 6 16
150569046372649 150613323683564
1 195216516105777 196377890728365 0 17
173961102589770 173961102589771
218101384884806 218101384884807
81788019331802 81788019331803
158590695246746 158590695246747
124276392647921 124276392647922
101437842339644 101437842339645
86212142134126 86212142134127
180037134371011 180037134371012
206909141121903 206909141121904
195262834576529 195262834576530
215477122949499 215477122949500
109804156786616 109804156786617
119249876382091 119249876382092
115286852675876 115286852675877
122046809351175 122046809351176
83762851039411 83762851039412
85133254278538 85133254278539
51 0 1 281474976710656 281474976710656 0 281474976710656 0 281474976710656 1 2
36 0 2 107513874120885 107513874120886 0 281474976710656 0 281474976710656 1 3
3 0 0 52385625679567 52442042141511 0 281474976710656 0 281474976710656 4 5
55 0 0 30903657686864 30954804729888 0 281474976710656 0 281474976710656 6 2
41 0 3 41066645652000 41066645652001 0 281474976710656 0 281474976710656 7 3
13 0 0 19449354464438 19457238329593 0 281474976710656 0 281474976710656 8 9
57 0 0 11302198251966 11309184195044 0 281474976710656 0 281474976710656 1 10
43 0 0 20009528487665 20031077658603 0 281474976710656 0 281474976710656 11 5
12 0 0 8861294503584 8869143265763 0 281474976710656 0 281474976710656 12 13
16 0 0 4975562199877 4979494921372 0 281474976710656 0 281474976710656 4 14
-1
19 0 0 5046239235991 5054031228174 0 281474976710656 0 281474976710656 15 2
21 0 0 2784644389781 2788794197457 0 281474976710656 0 281474976710656 6 16
148677920242934 148694751790799
1 165800328747372 166204271962483 0 17
173961102589770 173961102589771
218101384884806 218101384884807
81788019331802 81788019331803
158590695246746 158590695246747
124276392647921 124276392647922
101437842339644 101437842339645
86212142134126 86212142134127
180037134371011 180037134371012
206909141121903 206909141121904
195262834576529 195262834576530
215477122949499 215477122949500
109804156786616 109804156786617
119249876382091 119249876382092
115286852675876 115286852675877
122046809351175 122046809351176
83762851039411 83762851039412
85133254278538 85133254278539
52 0 1 281474976710656 281474976710656 0 281474976710656 0 281474976710656 1 2
25 0 2 107513874120885 107513874120886 0 281474976710656 0 281474976710656 1 3
2 0 0 50919071047143 50939711274081 0 281474976710656 0 281474976710656 4 5
54 0 0 29589539171238 29607828607657 0 281474976710656 0 281474976710656 6 2
42 0 3 41066645652000 41066645652001 0 281474976710656 0 281474976710656 7 3
11 0 0 19665463597687 19668524722897 0 281474976710656 0 281474976710656 8 9
57 0 0 11494502156931 11497238161884 0 281474976710656 0 281474976710656 1 10
39 0 0 19449354464438 19457238329593 0 281474976710656 0 281474976710656 11 5
12 0 0 8656469140621 8659362562636 0 281474976710656 0 281474976710656 12 13
16 0 0 4872732078853 4874187381702 0 281474976710656 0 281474976710656 4 14
-1
19 0 0 4845591935704 4848390447880 0 281474976710656 0 281474976710656 15 2
21 0 0 2677668755568 2679162340481 0 281474976710656 0 281474976710656 6 16
151862815389207 151887399887884
1 215449982173588 216132571402826 0 17
173961102589770 173961102589771
218101384884806 218101384884807
81788019331802 81788019331803
158590695246746 158590695246747
124276392647921 124276392647922
101437842339644 101437842339645
86212142134126 86212142134127
180037134371011 180037134371012
206909141121903 206909141121904
195262834576529 195262834576530
215477122949499 215477122949500
109804156786616 109804156786617
119249876382091 119249876382092
115286852675876 115286852675877
122046809351175 122046809351176
83762851039411 83762851039412
85133254278538 85133254278539
53 0 1 281474976710656 281474976710656 0 281474976710656 0 281474976710656 1 2
31 0 2 107513874120885 107513874120886 0 281474976710656 0 281474976710656 1 3
7 0 0 53352995723278 53385065188990 0 281474976710656 0 281474976710656 4 5
56 0 0 31786825918905 31816328547110 0 281474976710656 0 281474976710656 6 2
48 0 3 41066645652000 41066645652001 0 281474976710656 0 281474976710656 7 3
17 0 0 19320115753867 19324433504052 0 281474976710656 0 281474976710656 8 9
57 0 0 11187996268375 11191802010742 0 281474976710656 0 281474976710656 1 10
50 0 0 20379030964664 20391280410566 0 281474976710656 0 281474976710656 11 5
12 0 0 8995567052644 9000007138088 0 281474976710656 0 281474976710656 12 13
16 0 0 5042764012626 5044983433336 0 281474976710656 0 281474976710656 4 14
-1
19 0 0 5180604681397 5185086634083 0 281474976710656 0 281474976710656 15 2
21 0 0 2856157183259 2858540896040 0 281474976710656 0 281474976710656 6 16
56545108160961 56596271339809
0 77267640665670 79164837199872 0 13
173961102589770 173961102589771
74565835588752 74565835588753
124276392647921 124276392647922
101437842339644 101437842339645
86212142134126 86212142134127
109804156786616 109804156786617
115286852675876 115286852675877
119249876382091 119249876382092
122046809351175 122046809351176
78989958391076 78989958391077
81788019331802 81788019331803
83762851039411 83762851039412
85133254278538 85133254278539
54 0 1 281474976710656 281474976710656 0 281474976710656 0 281474976710656 1 2
-1
19 0 0 46025286551285 46138429890502 0 281474976710656 0 281474976710656 3 2
21 0 0 25414956588963 25507893359289 0 281474976710656 0 281474976710656 1 4
-1
-1
-1
35 0 0 17580095120637 17623312030618 0 281474976710656 0 281474976710656 3 5
9 0 0 7961485215022 7977760206942 0 281474976710656 0 281474976710656 6 7
5 0 0 4520882406781 4529175218048 0 281474976710656 0 281474976710656 8 2
37 0 0 9707649594380 9743148281841 0 281474976710656 0 281474976710656 1 9
8 0 0 4202235770393 4216661193232 0 281474976710656 0 281474976710656 10 11
10 0 0 2333100693147 2340853636894 0 281474976710656 0 281474976710656 12 4
56382460728697 56407081106653
0 75324289542288 76232806192470 0 13
173961102589770 173961102589771
74565835588752 74565835588753
124276392647921 124276392647922
101437842339644 101437842339645
86212142134126 86212142134127
109804156786616 109804156786617
115286852675876 115286852675877
119249876382091 119249876382092
122046809351175 122046809351176
78989958391076 78989958391077
81788019331802 81788019331803
83762851039411 83762851039412
85133254278538 85133254278539
55 0 1 281474976710656 281474976710656 0 281474976710656 0 281474976710656 1 2
-1
19 0 0 45908987722494 45963408302491 0 281474976710656 0 281474976710656 3 2
21 0 0 25319601372721 25364199769797 0 281474976710656 0 281474976710656 1 4
-1
-1
-1
35 0 0 17535672920891 17556459732763 0 281474976710656 0 281474976710656 3 5
9 0 0 7944745802161 7952580130054 0 281474976710656 0 281474976710656 6 7
5 0 0 4512350232697 4516343777914 0 281474976710656 0 281474976710656 8 2
37 0 0 9671227142781 9688262214620 0 281474976710656 0 281474976710656 1 9
8 0 0 4187429936882 4194355377919 0 281474976710656 0 281474976710656 10 11
10 0 0 2325141973277 2328864838343 0 281474976710656 0 281474976710656 12 4
56291106624436 56305549502211
0 74235158692920 74766790688768 0 13
173961102589770 173961102589771
74565835588752 74565835588753
124276392647921 124276392647922
101437842339644 101437842339645
86212142134126 86212142134127
109804156786616 109804156786617
115286852675876 115286852675877
119249876382091 119249876382092
122046809351175 122046809351176
78989958391076 78989958391077
81788019331802 81788019331803
83762851039411 83762851039412
85133254278538 85133254278539
56 0 1 281474976710656 281474976710656 0 281474976710656 0 281474976710656 1 2
-1
19 0 0 45843630245396 45875548959784 0 281474976710656 0 281474976710656 3 2
21 0 0 25266090878977 25292216937895 0 281474976710656 0 281474976710656 1 4
-1
-1
-1
35 0 0 17510708586058 17522900450078 0 281474976710656 0 281474976710656 3 5
9 0 0 7935333916606 7939930833180 0 281474976710656 0 281474976710656 6 7
5 0 0 4507551727947 4509895504151 0 281474976710656 0 281474976710656 8 2
37 0 0 9650787952925 9660767219441 0 281474976710656 0 281474976710656 1 9
8 0 0 4179119112230 4183177004927 0 281474976710656 0 281474976710656 10 11
10 0 0 2320673988118 2322855606084 0 281474976710656 0 281474976710656 12 4
56545108160961 56596271339809
1 77267640665670 79164837199872 0 13
173961102589770 173961102589771
124276392647921 124276392647922
74565835588752 74565835588753
101437842339644 101437842339645
86212142134126 86212142134127
109804156786616 109804156786617
119249876382091 119249876382092
115286852675876 115286852675877
122046809351175 122046809351176
78989958391076 78989958391077
83762851039411 83762851039412
81788019331802 81788019331803
85133254278538 85133254278539
57 0 1 281474976710656 281474976710656 0 281474976710656 0 281474976710656 1 2
-1
8 0 0 46025286551285 46138429890502 0 281474976710656 0 281474976710656 1 3
10 0 0 25414956588963 25507893359289 0 281474976710656 0 281474976710656 4 2
-1
-1
-1
51 0 0 17580095120637 17623312030618 0 281474976710656 0 281474976710656 5 3
20 0 0 7961485215022 7977760206942 0 281474976710656 0 281474976710656 6 7
16 0 0 4520882406781 4529175218048 0 281474976710656 0 281474976710656 1 8
53 0 0 9707649594380 9743148281841 0 281474976710656 0 281474976710656 9 2
19 0 0 4202235770393 4216661193232 0 281474976710656 0 281474976710656 10 11
21 0 0 2333100693147 2340853636894 0 281474976710656 0 281474976710656 4 12
56382460728697 56407081106653
1 75324289542288 76232806192470 0 13
173961102589770 173961102589771
124276392647921 124276392647922
74565835588752 74565835588753
101437842339644 101437842339645
86212142134126 86212142134127
109804156786616 109804156786617
119249876382091 119249876382092
115286852675876 115286852675877
122046809351175 122046809351176
78989958391076 78989958391077
83762851039411 83762851039412
81788019331802 81788019331803
85133254278538 85133254278539
58 0 1 281474976710656 281474976710656 0 281474976710656 0 281474976710656 1 2
-1
8 0 0 45908987722494 45963408302491 0 281474976710656 0 281474976710656 1 3
10 0 0 25319601372721 25364199769797 0 281474976710656 0 281474976710656 4 2
-1
-1
-1
51 0 0 17535672920891 17556459732763 0 281474976710656 0 281474976710656 5 3
20 0 0 7944745802161 7952580130054 0 281474976710656 0 281474976710656 6 7
16 0 0 4512350232697 4516343777914 0 281474976710656 0 281474976710656 1 8
53 0 0 9671227142781 9688262214620 0 281474976710656 0 281474976710656 9 2
19 0 0 4187429936882 4194355377919 0 281474976710656 0 281474976710656 10 11
21 0 0 2325141973277 2328864838343 0 281474976710656 0 281474976710656 4 12
56291106624436 56305549502211
1 74235158692920 74766790688768 0 13
173961102589770 173961102589771
124276392647921 124276392647922
74565835588752 74565835588753
101437842339644 101437842339645
86212142134126 86212142134127
109804156786616 109804156786617
119249876382091 119249876382092
115286852675876 115286852675877
122046809351175 122046809351176
78989958391076 78989958391077
83762851039411 83762851039412
81788019331802 81788019331803
85133254278538 85133254278539
59 0 1 281474976710656 281474976710656 0 281474976710656 0 281474976710656 1 2
-1
8 0 0 45843630245396 45875548959784 0 281474976710656 0 281474976710656 1 3
10 0 0 25266090878977 25292216937895 0 281474976710656 0 281474976710656 4 2
-1
-1
-1
51 0 0 17510708586058 17522900450078 0 281474976710656 0 281474976710656 5 3
20 0 0 7935333916606 7939930833180 0 281474976710656 0 281474976710656 6 7
16 0 0 4507551727947 4509895504151 0 281474976710656 0 281474976710656 1 8
53 0 0 9650787952925 9660767219441 0 281474976710656 0 281474976710656 9 2
19 0 0 4179119112230 4183177004927 0 281474976710656 0 281474976710656 10 11
21 0 0 2320673988118 2322855606084 0 281474976710656 0 281474976710656 4 12
