FREIMAN_DYADIC_GRAPH_V1 1 3 0 0 1 3 0
0 281474976710656
1 1 0
1 2 0
2 2 0
281474976710656 281474976710656
281474976710656 281474976710656
281474976710656 281474976710656
0 0 0 0 4
0 0
70368744177664 70368744177664
211106232532992 211106232532992
281474976710656 281474976710656
0 0 2 281474976710656 281474976710656 0 281474976710656 0 281474976710656 0 3
0 0 1 140737488355328 140737488355328 0 281474976710656 0 281474976710656 1 2
0 0 1 140737488355328 140737488355328 0 281474976710656 0 281474976710656 1 2
