FREIMAN_DYADIC_GRAPH_V1 52 4 -70 70 128 6 44893
0 281474976710656
0 4398046511104
2199023255552 6597069766656
4398046511104 8796093022208
6597069766656 10995116277760
8796093022208 13194139533312
10995116277760 15393162788864
13194139533312 17592186044416
15393162788864 19791209299968
17592186044416 21990232555520
19791209299968 24189255811072
21990232555520 26388279066624
24189255811072 28587302322176
26388279066624 30786325577728
28587302322176 32985348833280
30786325577728 35184372088832
32985348833280 37383395344384
35184372088832 39582418599936
37383395344384 41781441855488
39582418599936 43980465111040
41781441855488 46179488366592
43980465111040 48378511622144
46179488366592 50577534877696
48378511622144 52776558133248
50577534877696 54975581388800
52776558133248 57174604644352
54975581388800 59373627899904
57174604644352 61572651155456
59373627899904 63771674411008
61572651155456 65970697666560
63771674411008 68169720922112
65970697666560 70368744177664
68169720922112 72567767433216
70368744177664 74766790688768
72567767433216 76965813944320
74766790688768 79164837199872
76965813944320 81363860455424
79164837199872 83562883710976
81363860455424 85761906966528
83562883710976 87960930222080
85761906966528 90159953477632
87960930222080 92358976733184
90159953477632 94557999988736
92358976733184 96757023244288
94557999988736 98956046499840
96757023244288 101155069755392
98956046499840 103354093010944
101155069755392 105553116266496
103354093010944 107752139522048
105553116266496 109951162777600
107752139522048 112150186033152
109951162777600 114349209288704
112150186033152 116548232544256
114349209288704 118747255799808
116548232544256 120946279055360
118747255799808 123145302310912
120946279055360 125344325566464
123145302310912 127543348822016
125344325566464 129742372077568
127543348822016 131941395333120
129742372077568 134140418588672
131941395333120 136339441844224
134140418588672 138538465099776
136339441844224 140737488355328
138538465099776 142936511610880
140737488355328 145135534866432
142936511610880 147334558121984
145135534866432 149533581377536
147334558121984 151732604633088
149533581377536 153931627888640
151732604633088 156130651144192
153931627888640 158329674399744
156130651144192 160528697655296
158329674399744 162727720910848
160528697655296 164926744166400
162727720910848 167125767421952
164926744166400 169324790677504
167125767421952 171523813933056
169324790677504 173722837188608
171523813933056 175921860444160
173722837188608 178120883699712
175921860444160 180319906955264
178120883699712 182518930210816
180319906955264 184717953466368
182518930210816 186916976721920
184717953466368 189115999977472
186916976721920 191315023233024
189115999977472 193514046488576
191315023233024 195713069744128
193514046488576 197912092999680
195713069744128 200111116255232
197912092999680 202310139510784
200111116255232 204509162766336
202310139510784 206708186021888
204509162766336 208907209277440
206708186021888 211106232532992
208907209277440 213305255788544
211106232532992 215504279044096
213305255788544 217703302299648
215504279044096 219902325555200
217703302299648 222101348810752
219902325555200 224300372066304
222101348810752 226499395321856
224300372066304 228698418577408
226499395321856 230897441832960
228698418577408 233096465088512
230897441832960 235295488344064
233096465088512 237494511599616
235295488344064 239693534855168
237494511599616 241892558110720
239693534855168 244091581366272
241892558110720 246290604621824
244091581366272 248489627877376
246290604621824 250688651132928
248489627877376 252887674388480
250688651132928 255086697644032
252887674388480 257285720899584
255086697644032 259484744155136
257285720899584 261683767410688
259484744155136 263882790666240
261683767410688 266081813921792
263882790666240 268280837177344
266081813921792 270479860432896
268280837177344 272678883688448
270479860432896 274877906944000
272678883688448 277076930199552
274877906944000 279275953455104
277076930199552 281474976710656
0 1 0
0 2 0
0 3 0
1 0 0
2 0 0
3 0 0
9251003749425 9251003749426
9713553936896 9713553936897
10199231633741 10199231633742
10709193215428 10709193215429
11244652876200 11244652876201
11806885520010 11806885520011
12397229796010 12397229796011
13017091285811 13017091285812
13667945850101 13667945850102
14351343142606 14351343142607
15068910299737 15068910299738
15822355814724 15822355814725
16613473605460 16613473605461
17444147285733 17444147285734
18316354650020 18316354650021
19232172382521 19232172382522
20193781001647 20193781001648
21203470051729 21203470051730
22263643554315 22263643554316
23376825732031 23376825732032
24545667018633 24545667018634
25772950369564 25772950369565
27061597888043 27061597888044
28414677782445 28414677782446
29835411671567 29835411671568
31327182255145 31327182255146
32893541367903 32893541367904
34538218436298 34538218436299
36265129358113 36265129358114
38078385826019 38078385826020
39982305117319 39982305117320
41981420373185 41981420373186
44080491391845 44080491391846
46284515961437 46284515961438
48598741759509 48598741759510
51028678847484 51028678847485
53580112789859 53580112789860
56259118429352 56259118429353
59072074350819 59072074350820
62025678068360 62025678068361
65126961971778 65126961971779
68383310070367 68383310070368
71802475573885 71802475573886
75392599352580 75392599352581
79162229320209 79162229320210
83120340786219 83120340786220
87276357825530 87276357825531
91640175716807 91640175716808
96222184502647 96222184502648
101033293727780 101033293727781
106084958414169 106084958414170
111389206334877 111389206334878
116958666651621 116958666651622
122806599984202 122806599984203
128946929983412 128946929983413
135394276482583 135394276482584
142163990306712 142163990306713
149272189822047 149272189822048
156735799313150 156735799313151
164572589278807 164572589278808
172801218742748 172801218742749
181441279679885 181441279679886
190513343663879 190513343663880
200039010847073 200039010847074
210040961389427 210040961389428
220543009458899 220543009458900
231570159931844 231570159931845
243148667928436 243148667928437
255306101324858 255306101324859
268071406391100 268071406391101
281474976710656 281474976710656
295548725546188 295548725546189
310326161823498 310326161823499
325842469914673 325842469914674
342134593410406 342134593410407
359241323080927 359241323080928
377203389234973 377203389234974
396063558696722 396063558696723
415866736631558 415866736631559
436660073463136 436660073463137
458493077136293 458493077136294
481417730993107 481417730993108
505488617542763 505488617542764
530763048419901 530763048419902
557301200840896 557301200840897
585166260882941 585166260882942
614424573927088 614424573927089
645145802623442 645145802623443
677403092754614 677403092754615
711273247392345 711273247392346
746836909761962 746836909761963
784178755250060 784178755250061
823387693012563 823387693012564
864557077663192 864557077663193
907784931546351 907784931546352
953174178123669 953174178123670
1000832887029852 1000832887029853
1050874531381345 1050874531381346
1103418257950412 1103418257950413
1158589170847933 1158589170847934
1216518629390329 1216518629390330
1277344560859846 1277344560859847
1341211788902838 1341211788902839
1408272378347980 1408272378347981
1478685997265379 1478685997265380
1552620297128648 1552620297128649
1630251311985081 1630251311985082
1711763877584335 1711763877584336
1797352071463551 1797352071463552
1887219675036729 1887219675036730
1981580658788565 1981580658788566
2080659691727994 2080659691727995
2184692676314393 2184692676314394
2293927310130113 2293927310130114
2408623675636619 2408623675636620
2529054859418450 2529054859418451
2655507602389372 2655507602389373
2788282982508841 2788282982508842
2927697131634283 2927697131634284
3074081988215997 3074081988215998
3227786087626797 3227786087626798
3389175392008137 3389175392008138
3558634161608544 3558634161608545
3736565869688971 3736565869688972
3923394163173420 3923394163173421
4119563871332091 4119563871332092
4325542064898695 4325542064898696
4541819168143630 4541819168143631
4768910126550811 4768910126550812
5007355632878352 5007355632878353
5257723414522270 5257723414522271
5520609585248383 5520609585248384
5796640064510802 5796640064510803
6086472067736343 6086472067736344
6390795671123160 6390795671123161
6710335454679318 6710335454679319
7045852227413284 7045852227413285
7398144838783948 7398144838783949
7768052080723145 7768052080723146
8156454684759303 8156454684759304
8564277418997268 8564277418997269
8992491289947131 8992491289947132
121557871313049 122119266744934
0 106504045241869 110142382191127 0 6
74565835588752 74565835588753
218101384884806 218101384884807
158590695246746 158590695246747
101437842339644 101437842339645
124276392647921 124276392647922
86212142134126 86212142134127
0 0 1 281474976710656 281474976710656 0 281474976710656 0 281474976710656 0 1
39 0 0 73068729917401 73490478868310 0 281474976710656 0 281474976710656 2 1
16 0 0 34201599364938 34268937631706 0 281474976710656 0 281474976710656 3 4
17 0 2 19753314848887 19753314848888 0 281474976710656 0 281474976710656 0 5
120165579528490 120417731656782
0 117707717533547 119413626483309 0 6
74565835588752 74565835588753
218101384884806 218101384884807
158590695246746 158590695246747
101437842339644 101437842339645
124276392647921 124276392647922
86212142134126 86212142134127
1 0 1 281474976710656 281474976710656 0 281474976710656 0 281474976710656 0 1
41 0 0 72021730992952 72211455936172 0 281474976710656 0 281474976710656 2 1
21 0 0 34032759461634 34063533341540 0 281474976710656 0 281474976710656 3 4
22 0 2 19753314848887 19753314848888 0 281474976710656 0 281474976710656 0 5
125821436289425 125966687808770
0 82999031594167 83843610084026 0 6
74565835588752 74565835588753
218101384884806 218101384884807
158590695246746 158590695246747
101437842339644 101437842339645
124276392647921 124276392647922
86212142134126 86212142134127
2 0 1 281474976710656 281474976710656 0 281474976710656 0 281474976710656 0 1
42 0 0 76265297737578 76373926395360 0 281474976710656 0 281474976710656 2 1
23 0 0 34702665390669 34719324850096 0 281474976710656 0 281474976710656 3 4
24 0 2 19753314848887 19753314848888 0 281474976710656 0 281474976710656 0 5
119442597718050 119585227855515
0 123386291160835 124372664127965 0 6
74565835588752 74565835588753
218101384884806 218101384884807
158590695246746 158590695246747
101437842339644 101437842339645
124276392647921 124276392647922
86212142134126 86212142134127
3 0 1 281474976710656 281474976710656 0 281474976710656 0 281474976710656 0 1
44 0 0 71477487262579 71584885585372 0 281474976710656 0 281474976710656 2 1
26 0 0 33944036992656 33961597546944 0 281474976710656 0 281474976710656 3 4
27 0 2 19753314848887 19753314848888 0 281474976710656 0 281474976710656 0 5
125409139048509 125489991290530
0 85782850045152 86258460604879 0 6
74565835588752 74565835588753
218101384884806 218101384884807
158590695246746 158590695246747
101437842339644 101437842339645
124276392647921 124276392647922
86212142134126 86212142134127
4 0 1 281474976710656 281474976710656 0 281474976710656 0 281474976710656 0 1
45 0 0 75956853073895 76017351427755 0 281474976710656 0 281474976710656 2 1
28 0 0 34655232962329 34664551431806 0 281474976710656 0 281474976710656 3 4
29 0 2 19753314848887 19753314848888 0 281474976710656 0 281474976710656 0 5
122424717633420 122692439857387
0 102846626105816 104547848492530 0 6
74565835588752 74565835588753
218101384884806 218101384884807
158590695246746 158590695246747
101437842339644 101437842339645
124276392647921 124276392647922
86212142134126 86212142134127
5 0 1 281474976710656 281474976710656 0 281474976710656 0 281474976710656 0 1
39 0 0 73719845284669 73920819798781 0 281474976710656 0 281474976710656 2 1
16 0 0 34305399207729 34337255377156 0 281474976710656 0 281474976710656 3 4
17 0 2 19753314848887 19753314848888 0 281474976710656 0 281474976710656 0 5
120546875463925 120655754170946
0 116108427893145 116838669578009 0 6
74565835588752 74565835588753
218101384884806 218101384884807
158590695246746 158590695246747
101437842339644 101437842339645
124276392647921 124276392647922
86212142134126 86212142134127
6 0 1 281474976710656 281474976710656 0 281474976710656 0 281474976710656 0 1
41 0 0 72308608501587 72390506384242 0 281474976710656 0 281474976710656 2 1
21 0 0 34079260927708 34092502840966 0 281474976710656 0 281474976710656 3 4
22 0 2 19753314848887 19753314848888 0 281474976710656 0 281474976710656 0 5
126041375646272 126104499554583
0 82200656915501 82565993168460 0 6
74565835588752 74565835588753
218101384884806 218101384884807
158590695246746 158590695246747
101437842339644 101437842339645
124276392647921 124276392647922
86212142134126 86212142134127
7 0 1 281474976710656 281474976710656 0 281474976710656 0 281474976710656 0 1
42 0 0 76429775576403 76476973741085 0 281474976710656 0 281474976710656 2 1
23 0 0 34727880799252 34735106589335 0 281474976710656 0 281474976710656 3 4
24 0 2 19753314848887 19753314848888 0 281474976710656 0 281474976710656 0 5
119656118185931 119714790543714
0 122493739864822 122897525042681 0 6
74565835588752 74565835588753
218101384884806 218101384884807
158590695246746 158590695246747
101437842339644 101437842339645
124276392647921 124276392647922
86212142134126 86212142134127
8 0 1 281474976710656 281474976710656 0 281474976710656 0 281474976710656 0 1
44 0 0 71638259532168 71682431742120 0 281474976710656 0 281474976710656 2 1
26 0 0 33970315013887 33977524748758 0 281474976710656 0 281474976710656 3 4
27 0 2 19753314848887 19753314848888 0 281474976710656 0 281474976710656 0 5
125530265031833 125563642095237
0 85350476809037 85546316451278 0 6
74565835588752 74565835588753
218101384884806 218101384884807
158590695246746 158590695246747
101437842339644 101437842339645
124276392647921 124276392647922
86212142134126 86212142134127
9 0 1 281474976710656 281474976710656 0 281474976710656 0 281474976710656 0 1
45 0 0 76047484444827 76072456252321 0 281474976710656 0 281474976710656 2 1
28 0 0 34669190026106 34673032734299 0 281474976710656 0 281474976710656 3 4
29 0 2 19753314848887 19753314848888 0 281474976710656 0 281474976710656 0 5
122856519047989 123012840369104
0 100826857329190 101810097959174 0 6
74565835588752 74565835588753
218101384884806 218101384884807
158590695246746 158590695246747
101437842339644 101437842339645
124276392647921 124276392647922
86212142134126 86212142134127
10 0 1 281474976710656 281474976710656 0 281474976710656 0 281474976710656 0 1
39 0 0 74043962829945 74161263275675 0 281474976710656 0 281474976710656 2 1
16 0 0 34356732309748 34375255376640 0 281474976710656 0 281474976710656 3 4
17 0 2 19753314848887 19753314848888 0 281474976710656 0 281474976710656 0 5
120720587754600 120781067576624
0 115270704748173 115674647963284 0 6
74565835588752 74565835588753
218101384884806 218101384884807
158590695246746 158590695246747
101437842339644 101437842339645
124276392647921 124276392647922
86212142134126 86212142134127
11 0 1 281474976710656 281474976710656 0 281474976710656 0 281474976710656 0 1
41 0 0 72439269606555 72484755407276 0 281474976710656 0 281474976710656 2 1
21 0 0 34100380264892 34107723530815 0 281474976710656 0 281474976710656 3 4
22 0 2 19753314848887 19753314848888 0 281474976710656 0 281474976710656 0 5
126142155713838 126177329031542
0 81779891882150 81983002925434 0 6
74565835588752 74565835588753
218101384884806 218101384884807
158590695246746 158590695246747
101437842339644 101437842339645
124276392647921 124276392647922
86212142134126 86212142134127
12 0 1 281474976710656 281474976710656 0 281474976710656 0 281474976710656 0 1
42 0 0 76505127805894 76531424399723 0 281474976710656 0 281474976710656 2 1
23 0 0 34739414716648 34743437190265 0 281474976710656 0 281474976710656 3 4
24 0 2 19753314848887 19753314848888 0 281474976710656 0 281474976710656 0 5
119749263557964 119781114678126
0 122038101790634 122256808066245 0 6
74565835588752 74565835588753
218101384884806 218101384884807
158590695246746 158590695246747
101437842339644 101437842339645
124276392647921 124276392647922
86212142134126 86212142134127
13 0 1 281474976710656 281474976710656 0 281474976710656 0 281474976710656 0 1
44 0 0 71708384025985 71732361713381 0 281474976710656 0 281474976710656 2 1
26 0 0 33981758611530 33985668998646 0 281474976710656 0 281474976710656 3 4
27 0 2 19753314848887 19753314848888 0 281474976710656 0 281474976710656 0 5
125583271664049 125601420685609
0 85129017346637 85235380271537 0 6
74565835588752 74565835588753
218101384884806 218101384884807
158590695246746 158590695246747
101437842339644 101437842339645
124276392647921 124276392647922
86212142134126 86212142134127
14 0 1 281474976710656 281474976710656 0 281474976710656 0 281474976710656 0 1
45 0 0 76087142102072 76100719979528 0 281474976710656 0 281474976710656 2 1
28 0 0 34675292034906 34677380497346 0 281474976710656 0 281474976710656 3 4
29 0 2 19753314848887 19753314848888 0 281474976710656 0 281474976710656 0 5
168707645082341 169486794143196
1 106504045241869 110142382191127 0 6
218101384884806 218101384884807
74565835588752 74565835588753
158590695246746 158590695246747
124276392647921 124276392647922
101437842339644 101437842339645
86212142134126 86212142134127
15 0 1 281474976710656 281474976710656 0 281474976710656 0 281474976710656 0 1
31 0 3 168996244868930 168996244868931 0 281474976710656 0 281474976710656 0 2
1 0 0 67371018852548 67754362201645 0 281474976710656 0 281474976710656 3 4
2 0 0 35462978385739 35760229387090 0 281474976710656 0 281474976710656 5 1
171091529696321 171450543429829
1 117707717533547 119413626483309 0 6
218101384884806 218101384884807
74565835588752 74565835588753
158590695246746 158590695246747
124276392647921 124276392647922
101437842339644 101437842339645
86212142134126 86212142134127
16 0 1 281474976710656 281474976710656 0 281474976710656 0 281474976710656 0 1
33 0 3 168996244868930 168996244868931 0 281474976710656 0 281474976710656 0 2
6 0 0 68543033699490 68719314564366 0 281474976710656 0 281474976710656 3 4
7 0 0 36375535384031 36513759611647 0 281474976710656 0 281474976710656 5 1
163554779998634 163743591865605
1 82999031594167 83843610084026 0 6
218101384884806 218101384884807
74565835588752 74565835588753
158590695246746 158590695246747
124276392647921 124276392647922
101437842339644 101437842339645
86212142134126 86212142134127
17 0 1 281474976710656 281474976710656 0 281474976710656 0 281474976710656 0 1
34 0 3 168996244868930 168996244868931 0 281474976710656 0 281474976710656 0 2
8 0 0 64829263300863 64922590180256 0 281474976710656 0 281474976710656 3 4
9 0 0 33522031093385 33592382205624 0 281474976710656 0 281474976710656 5 1
172282599457955 172488327492281
1 123386291160835 124372664127965 0 6
218101384884806 218101384884807
74565835588752 74565835588753
158590695246746 158590695246747
124276392647921 124276392647922
101437842339644 101437842339645
86212142134126 86212142134127
18 0 1 281474976710656 281474976710656 0 281474976710656 0 281474976710656 0 1
36 0 3 168996244868930 168996244868931 0 281474976710656 0 281474976710656 0 2
11 0 0 69127634365767 69228542187105 0 281474976710656 0 281474976710656 3 4
12 0 0 36834904664977 36914479448685 0 281474976710656 0 281474976710656 5 1
164176072528541 164281918112449
1 85782850045152 86258460604879 0 6
218101384884806 218101384884807
74565835588752 74565835588753
158590695246746 158590695246747
124276392647921 124276392647922
101437842339644 101437842339645
86212142134126 86212142134127
19 0 1 281474976710656 281474976710656 0 281474976710656 0 281474976710656 0 1
37 0 3 168996244868930 168996244868931 0 281474976710656 0 281474976710656 0 2
13 0 0 65136306003826 65188599658888 0 281474976710656 0 281474976710656 3 4
14 0 0 33753745869140 33793285103578 0 281474976710656 0 281474976710656 5 1
167919506170612 168286717829405
1 102846626105816 104547848492530 0 6
218101384884806 218101384884807
74565835588752 74565835588753
158590695246746 158590695246747
124276392647921 124276392647922
101437842339644 101437842339645
86212142134126 86212142134127
20 0 1 281474976710656 281474976710656 0 281474976710656 0 281474976710656 0 1
31 0 3 168996244868930 168996244868931 0 281474976710656 0 281474976710656 0 2
1 0 0 66982979933603 67163809817035 0 281474976710656 0 281474976710656 3 4
2 0 0 35163298717838 35302800769387 0 281474976710656 0 281474976710656 5 1
170754010476203 170908236587894
1 116108427893145 116838669578009 0 6
218101384884806 218101384884807
74565835588752 74565835588753
158590695246746 158590695246747
124276392647921 124276392647922
101437842339644 101437842339645
86212142134126 86212142134127
21 0 1 281474976710656 281474976710656 0 281474976710656 0 281474976710656 0 1
33 0 3 168996244868930 168996244868931 0 281474976710656 0 281474976710656 0 2
6 0 0 68377252536015 68453011139918 0 281474976710656 0 281474976710656 3 4
7 0 0 36245775579171 36305045337342 0 281474976710656 0 281474976710656 5 1
163376041176092 163457862992066
1 82200656915501 82565993168460 0 6
218101384884806 218101384884807
74565835588752 74565835588753
158590695246746 158590695246747
124276392647921 124276392647922
101437842339644 101437842339645
86212142134126 86212142134127
22 0 1 281474976710656 281474976710656 0 281474976710656 0 281474976710656 0 1
34 0 3 168996244868930 168996244868931 0 281474976710656 0 281474976710656 0 2
8 0 0 64740902534168 64781353258121 0 281474976710656 0 281474976710656 3 4
9 0 0 33455487472007 33485942793636 0 281474976710656 0 281474976710656 5 1
172096144663069 172180530540914
1 122493739864822 122897525042681 0 6
218101384884806 218101384884807
74565835588752 74565835588753
158590695246746 158590695246747
124276392647921 124276392647922
101437842339644 101437842339645
86212142134126 86212142134127
23 0 1 281474976710656 281474976710656 0 281474976710656 0 281474976710656 0 1
36 0 3 168996244868930 168996244868931 0 281474976710656 0 281474976710656 0 2
11 0 0 69036162599220 69077563007371 0 281474976710656 0 281474976710656 3 4
12 0 0 36762843154307 36795449928600 0 281474976710656 0 281474976710656 5 1
164079773156735 164123400093957
1 85350476809037 85546316451278 0 6
218101384884806 218101384884807
74565835588752 74565835588753
158590695246746 158590695246747
124276392647921 124276392647922
101437842339644 101437842339645
86212142134126 86212142134127
24 0 1 281474976710656 281474976710656 0 281474976710656 0 281474976710656 0 1
37 0 3 168996244868930 168996244868931 0 281474976710656 0 281474976710656 0 2
13 0 0 65088724845658 65110281207497 0 281474976710656 0 281474976710656 3 4
14 0 0 33717788725374 33734076657095 0 281474976710656 0 281474976710656 5 1
167482141294369 167695243780042
1 100826857329190 101810097959174 0 6
218101384884806 218101384884807
74565835588752 74565835588753
158590695246746 158590695246747
124276392647921 124276392647922
101437842339644 101437842339645
86212142134126 86212142134127
25 0 1 281474976710656 281474976710656 0 281474976710656 0 281474976710656 0 1
31 0 3 168996244868930 168996244868931 0 281474976710656 0 281474976710656 0 2
1 0 0 66767527452638 66872515244889 0 281474976710656 0 281474976710656 3 4
2 0 0 34997431819746 35078210242642 0 281474976710656 0 281474976710656 5 1
170576848881135 170662306197518
1 115270704748173 115674647963284 0 6
218101384884806 218101384884807
74565835588752 74565835588753
158590695246746 158590695246747
124276392647921 124276392647922
101437842339644 101437842339645
86212142134126 86212142134127
26 0 1 281474976710656 281474976710656 0 281474976710656 0 281474976710656 0 1
33 0 3 168996244868930 168996244868931 0 281474976710656 0 281474976710656 0 2
6 0 0 68290214118834 68332200578838 0 281474976710656 0 281474976710656 3 4
7 0 0 36177738827272 36210551364397 0 281474976710656 0 281474976710656 5 1
163281740625289 163327269897448
1 81779891882150 81983002925434 0 6
218101384884806 218101384884807
74565835588752 74565835588753
158590695246746 158590695246747
124276392647921 124276392647922
101437842339644 101437842339645
86212142134126 86212142134127
27 0 1 281474976710656 281474976710656 0 281474976710656 0 281474976710656 0 1
34 0 3 168996244868930 168996244868931 0 281474976710656 0 281474976710656 0 2
8 0 0 64694279395282 64716789955889 0 281474976710656 0 281474976710656 3 4
9 0 0 33420401109196 33437339328246 0 281474976710656 0 281474976710656 5 1
172000853115139 172046602205177
1 122038101790634 122256808066245 0 6
218101384884806 218101384884807
74565835588752 74565835588753
158590695246746 158590695246747
124276392647921 124276392647922
101437842339644 101437842339645
86212142134126 86212142134127
28 0 1 281474976710656 281474976710656 0 281474976710656 0 281474976710656 0 1
36 0 3 168996244868930 168996244868931 0 281474976710656 0 281474976710656 0 2
11 0 0 68989407742483 69011855095661 0 281474976710656 0 281474976710656 3 4
12 0 0 36726036118433 36743705215084 0 281474976710656 0 281474976710656 5 1
164030420987750 164054126307794
1 85129017346637 85235380271537 0 6
218101384884806 218101384884807
74565835588752 74565835588753
158590695246746 158590695246747
124276392647921 124276392647922
101437842339644 101437842339645
86212142134126 86212142134127
29 0 1 281474976710656 281474976710656 0 281474976710656 0 281474976710656 0 1
37 0 3 168996244868930 168996244868931 0 281474976710656 0 281474976710656 0 2
13 0 0 65064338699215 65076052213733 0 281474976710656 0 281474976710656 3 4
14 0 0 33699367086939 33708215048385 0 281474976710656 0 281474976710656 5 1
107986060995383 109008937916249
0 171332594519529 180948199313994 0 6
81788019331802 81788019331803
218101384884806 218101384884807
158590695246746 158590695246747
101437842339644 101437842339645
124276392647921 124276392647922
86212142134126 86212142134127
30 0 1 281474976710656 281474976710656 0 281474976710656 0 281474976710656 0 1
38 0 0 67823923330537 68619564241804 0 281474976710656 0 281474976710656 2 1
15 0 0 33940699582410 34052657833004 0 281474976710656 0 281474976710656 3 4
49 0 4 23765096934693 23765096934694 0 281474976710656 0 281474976710656 0 5
105349798757479 105838111482596
0 202310139510784 207402614418379 0 6
81788019331802 81788019331803
218101384884806 218101384884807
158590695246746 158590695246747
101437842339644 101437842339645
124276392647921 124276392647922
86212142134126 86212142134127
31 0 1 281474976710656 281474976710656 0 281474976710656 0 281474976710656 0 1
40 0 0 65768509508407 66149734022688 0 281474976710656 0 281474976710656 2 1
20 0 0 33644812539300 33700434465920 0 281474976710656 0 281474976710656 3 4
50 0 4 23765096934693 23765096934694 0 281474976710656 0 281474976710656 0 5
109556214639870 110030641089041
0 162061350227347 166326122601752 0 6
81788019331802 81788019331803
218101384884806 218101384884807
158590695246746 158590695246747
101437842339644 101437842339645
124276392647921 124276392647922
86212142134126 86212142134127
32 0 1 281474976710656 281474976710656 0 281474976710656 0 281474976710656 0 1
38 0 0 69044811146028 69413191916695 0 281474976710656 0 281474976710656 2 1
15 0 0 34111924342385 34162948161769 0 281474976710656 0 281474976710656 3 4
49 0 4 23765096934693 23765096934694 0 281474976710656 0 281474976710656 0 5
106086309376211 106294570441213
0 197631366626630 199756435084982 0 6
81788019331802 81788019331803
218101384884806 218101384884807
158590695246746 158590695246747
101437842339644 101437842339645
124276392647921 124276392647922
86212142134126 86212142134127
33 0 1 281474976710656 281474976710656 0 281474976710656 0 281474976710656 0 1
40 0 0 66343416251801 66505888703289 0 281474976710656 0 281474976710656 2 1
20 0 0 33728561905648 33752089095844 0 281474976710656 0 281474976710656 3 4
50 0 4 23765096934693 23765096934694 0 281474976710656 0 281474976710656 0 5
104347949160357 104464381064358
0 216874162383620 218143106950759 0 6
81788019331802 81788019331803
218101384884806 218101384884807
158590695246746 158590695246747
101437842339644 101437842339645
124276392647921 124276392647922
86212142134126 86212142134127
34 0 1 281474976710656 281474976710656 0 281474976710656 0 281474976710656 0 1
43 0 0 64985689023893 65076711974692 0 281474976710656 0 281474976710656 2 1
25 0 0 33529506369640 33542989790090 0 281474976710656 0 281474976710656 3 4
51 0 4 23765096934693 23765096934694 0 281474976710656 0 281474976710656 0 5
110319012559601 110592078255712
0 157102312582691 159502486802706 0 6
81788019331802 81788019331803
218101384884806 218101384884807
158590695246746 158590695246747
101437842339644 101437842339645
124276392647921 124276392647922
86212142134126 86212142134127
35 0 1 281474976710656 281474976710656 0 281474976710656 0 281474976710656 0 1
38 0 0 69636985922253 69848817496207 0 281474976710656 0 281474976710656 2 1
15 0 0 34193803043522 34222910185143 0 281474976710656 0 281474976710656 3 4
49 0 4 23765096934693 23765096934694 0 281474976710656 0 281474976710656 0 5
106418155251445 106533154570476
0 195216516105777 196377890728365 0 6
81788019331802 81788019331803
218101384884806 218101384884807
158590695246746 158590695246747
101437842339644 101437842339645
124276392647921 124276392647922
86212142134126 86212142134127
36 0 1 281474976710656 281474976710656 0 281474976710656 0 281474976710656 0 1
40 0 0 66602282429046 66691966496585 0 281474976710656 0 281474976710656 2 1
20 0 0 33766018489309 33778958894476 0 281474976710656 0 281474976710656 3 4
50 0 4 23765096934693 23765096934694 0 281474976710656 0 281474976710656 0 5
104532661802273 104595664719522
0 215449982173588 216132571402826 0 6
81788019331802 81788019331803
218101384884806 218101384884807
158590695246746 158590695246747
101437842339644 101437842339645
124276392647921 124276392647922
86212142134126 86212142134127
37 0 1 281474976710656 281474976710656 0 281474976710656 0 281474976710656 0 1
43 0 0 65130086245148 65179331249345 0 281474976710656 0 281474976710656 2 1
25 0 0 33550886857119 33558166836897 0 281474976710656 0 281474976710656 3 4
51 0 4 23765096934693 23765096934694 0 281474976710656 0 281474976710656 0 5
170456973378301 172071593843777
1 171332594519529 180948199313994 0 6
218101384884806 218101384884807
81788019331802 81788019331803
158590695246746 158590695246747
124276392647921 124276392647922
101437842339644 101437842339645
86212142134126 86212142134127
38 0 1 281474976710656 281474976710656 0 281474976710656 0 281474976710656 0 1
30 0 3 168996244868930 168996244868931 0 281474976710656 0 281474976710656 0 2
0 0 0 73823317095295 74715868115209 0 281474976710656 0 281474976710656 3 4
46 0 0 40627225557182 41368981036756 0 281474976710656 0 281474976710656 5 1
175563730003276 176377495235299
1 202310139510784 207402614418379 0 6
218101384884806 218101384884807
81788019331802 81788019331803
158590695246746 158590695246747
124276392647921 124276392647922
101437842339644 101437842339645
86212142134126 86212142134127
39 0 1 281474976710656 281474976710656 0 281474976710656 0 281474976710656 0 1
32 0 3 168996244868930 168996244868931 0 281474976710656 0 281474976710656 0 2
5 0 0 76643625838448 77092285096580 0 281474976710656 0 281474976710656 3 4
47 0 0 42994237789683 43377076599547 0 281474976710656 0 281474976710656 5 1
168874173998044 169605473221824
1 162061350227347 166326122601752 0 6
218101384884806 218101384884807
81788019331802 81788019331803
158590695246746 158590695246747
124276392647921 124276392647922
101437842339644 101437842339645
86212142134126 86212142134127
40 0 1 281474976710656 281474976710656 0 281474976710656 0 281474976710656 0 1
30 0 3 168996244868930 168996244868931 0 281474976710656 0 281474976710656 0 2
0 0 0 72947661592876 73352322405830 0 281474976710656 0 281474976710656 3 4
46 0 0 39906059868763 40238523728494 0 281474976710656 0 281474976710656 5 1
174809809675684 175152983807670
1 197631366626630 199756435084982 0 6
218101384884806 218101384884807
81788019331802 81788019331803
158590695246746 158590695246747
124276392647921 124276392647922
101437842339644 101437842339645
86212142134126 86212142134127
41 0 1 281474976710656 281474976710656 0 281474976710656 0 281474976710656 0 1
32 0 3 168996244868930 168996244868931 0 281474976710656 0 281474976710656 0 2
5 0 0 76227766008602 76417082659051 0 281474976710656 0 281474976710656 3 4
47 0 0 42640937206150 42801589601672 0 281474976710656 0 281474976710656 5 1
177872433063472 178070903912371
1 216874162383620 218143106950759 0 6
218101384884806 218101384884807
81788019331802 81788019331803
158590695246746 158590695246747
124276392647921 124276392647922
101437842339644 101437842339645
86212142134126 86212142134127
42 0 1 281474976710656 281474976710656 0 281474976710656 0 281474976710656 0 1
35 0 3 168996244868930 168996244868931 0 281474976710656 0 281474976710656 0 2
10 0 0 77915911850035 78025199407262 0 281474976710656 0 281474976710656 3 4
48 0 0 44084410847291 44178710385719 0 281474976710656 0 281474976710656 5 1
168016859086625 168432740624362
1 157102312582691 159502486802706 0 6
218101384884806 218101384884807
81788019331802 81788019331803
158590695246746 158590695246747
124276392647921 124276392647922
101437842339644 101437842339645
86212142134126 86212142134127
43 0 1 281474976710656 281474976710656 0 281474976710656 0 281474976710656 0 1
30 0 3 168996244868930 168996244868931 0 281474976710656 0 281474976710656 0 2
0 0 0 72473096499553 72703330007854 0 281474976710656 0 281474976710656 3 4
46 0 0 39517917475450 39705987220787 0 281474976710656 0 281474976710656 5 1
174418317971564 174606800733230
1 195216516105777 196377890728365 0 6
218101384884806 218101384884807
81788019331802 81788019331803
158590695246746 158590695246747
124276392647921 124276392647922
101437842339644 101437842339645
86212142134126 86212142134127
44 0 1 281474976710656 281474976710656 0 281474976710656 0 281474976710656 0 1
32 0 3 168996244868930 168996244868931 0 281474976710656 0 281474976710656 0 2
5 0 0 76011747977655 76115755479360 0 281474976710656 0 281474976710656 3 4
47 0 0 42458002765226 42546031252270 0 281474976710656 0 281474976710656 5 1
177649175787674 177756246784705
1 215449982173588 216132571402826 0 6
218101384884806 218101384884807
81788019331802 81788019331803
158590695246746 158590695246747
124276392647921 124276392647922
101437842339644 101437842339645
86212142134126 86212142134127
45 0 1 281474976710656 281474976710656 0 281474976710656 0 281474976710656 0 1
35 0 3 168996244868930 168996244868931 0 281474976710656 0 281474976710656 0 2
10 0 0 77792959045546 77851927646241 0 281474976710656 0 281474976710656 3 4
48 0 0 43978444402036 44029249873831 0 281474976710656 0 281474976710656 5 1
47514137614978 47561085036920
0 77267640665670 79164837199872 0 4
74565835588752 74565835588753
124276392647921 124276392647922
101437842339644 101437842339645
86212142134126 86212142134127
46 0 1 281474976710656 281474976710656 0 281474976710656 0 281474976710656 0 1
-1
18 0 0 34795417137209 34833350830125 0 281474976710656 0 281474976710656 2 1
19 0 2 19753314848887 19753314848888 0 281474976710656 0 281474976710656 0 3
47586797916253 47609433676299
0 75324289542288 76232806192470 0 4
74565835588752 74565835588753
124276392647921 124276392647922
101437842339644 101437842339645
86212142134126 86212142134127
47 0 1 281474976710656 281474976710656 0 281474976710656 0 281474976710656 0 1
-1
18 0 0 34854121452717 34872403195285 0 281474976710656 0 281474976710656 2 1
19 0 2 19753314848887 19753314848888 0 281474976710656 0 281474976710656 0 3
47623352390349 47636645613650
0 74235158692920 74766790688768 0 4
74565835588752 74565835588753
124276392647921 124276392647922
101437842339644 101437842339645
86212142134126 86212142134127
48 0 1 281474976710656 281474976710656 0 281474976710656 0 281474976710656 0 1
-1
18 0 0 34883643133078 34894376898890 0 281474976710656 0 281474976710656 2 1
19 0 2 19753314848887 19753314848888 0 281474976710656 0 281474976710656 0 3
51957172154811 52008509617859
1 77267640665670 79164837199872 0 4
124276392647921 124276392647922
74565835588752 74565835588753
101437842339644 101437842339645
86212142134126 86212142134127
49 0 1 281474976710656 281474976710656 0 281474976710656 0 281474976710656 0 1
-1
3 0 5 54870319024688 54870319024689 0 281474976710656 0 281474976710656 0 2
4 0 0 28245055947174 28287353410661 0 281474976710656 0 281474976710656 3 1
51904408271990 51929097803172
1 75324289542288 76232806192470 0 4
124276392647921 124276392647922
74565835588752 74565835588753
101437842339644 101437842339645
86212142134126 86212142134127
50 0 1 281474976710656 281474976710656 0 281474976710656 0 281474976710656 0 1
-1
3 0 5 54870319024688 54870319024689 0 281474976710656 0 281474976710656 0 2
4 0 0 28201595133589 28221930024888 0 281474976710656 0 281474976710656 3 1
51874758419698 51889238348404
1 74235158692920 74766790688768 0 4
124276392647921 124276392647922
74565835588752 74565835588753
101437842339644 101437842339645
86212142134126 86212142134127
51 0 1 281474976710656 281474976710656 0 281474976710656 0 281474976710656 0 1
-1
3 0 5 54870319024688 54870319024689 0 281474976710656 0 281474976710656 0 2
4 0 0 28177178300673 28189102132400 0 281474976710656 0 281474976710656 3 1
