FREIMAN_DYADIC_GRAPH_V1 52 13 -60 60 128 33 38523
0 281474976710656
0 4398046511104
2199023255552 6597069766656
4398046511104 8796093022208
6597069766656 10995116277760
8796093022208 13194139533312
10995116277760 15393162788864
13194139533312 17592186044416
15393162788864 19791209299968
17592186044416 21990232555520
19791209299968 24189255811072
21990232555520 26388279066624
24189255811072 28587302322176
26388279066624 30786325577728
28587302322176 32985348833280
30786325577728 35184372088832
32985348833280 37383395344384
35184372088832 39582418599936
37383395344384 41781441855488
39582418599936 43980465111040
41781441855488 46179488366592
43980465111040 48378511622144
46179488366592 50577534877696
48378511622144 52776558133248
50577534877696 54975581388800
52776558133248 57174604644352
54975581388800 59373627899904
57174604644352 61572651155456
59373627899904 63771674411008
61572651155456 65970697666560
63771674411008 68169720922112
65970697666560 70368744177664
68169720922112 72567767433216
70368744177664 74766790688768
72567767433216 76965813944320
74766790688768 79164837199872
76965813944320 81363860455424
79164837199872 83562883710976
81363860455424 85761906966528
83562883710976 87960930222080
85761906966528 90159953477632
87960930222080 92358976733184
90159953477632 94557999988736
92358976733184 96757023244288
94557999988736 98956046499840
96757023244288 101155069755392
98956046499840 103354093010944
101155069755392 105553116266496
103354093010944 107752139522048
105553116266496 109951162777600
107752139522048 112150186033152
109951162777600 114349209288704
112150186033152 116548232544256
114349209288704 118747255799808
116548232544256 120946279055360
118747255799808 123145302310912
120946279055360 125344325566464
123145302310912 127543348822016
125344325566464 129742372077568
127543348822016 131941395333120
129742372077568 134140418588672
131941395333120 136339441844224
134140418588672 138538465099776
136339441844224 140737488355328
138538465099776 142936511610880
140737488355328 145135534866432
142936511610880 147334558121984
145135534866432 149533581377536
147334558121984 151732604633088
149533581377536 153931627888640
151732604633088 156130651144192
153931627888640 158329674399744
156130651144192 160528697655296
158329674399744 162727720910848
160528697655296 164926744166400
162727720910848 167125767421952
164926744166400 169324790677504
167125767421952 171523813933056
169324790677504 173722837188608
171523813933056 175921860444160
173722837188608 178120883699712
175921860444160 180319906955264
178120883699712 182518930210816
180319906955264 184717953466368
182518930210816 186916976721920
184717953466368 189115999977472
186916976721920 191315023233024
189115999977472 193514046488576
191315023233024 195713069744128
193514046488576 197912092999680
195713069744128 200111116255232
197912092999680 202310139510784
200111116255232 204509162766336
202310139510784 206708186021888
204509162766336 208907209277440
206708186021888 211106232532992
208907209277440 213305255788544
211106232532992 215504279044096
213305255788544 217703302299648
215504279044096 219902325555200
217703302299648 222101348810752
219902325555200 224300372066304
222101348810752 226499395321856
224300372066304 228698418577408
226499395321856 230897441832960
228698418577408 233096465088512
230897441832960 235295488344064
233096465088512 237494511599616
235295488344064 239693534855168
237494511599616 241892558110720
239693534855168 244091581366272
241892558110720 246290604621824
244091581366272 248489627877376
246290604621824 250688651132928
248489627877376 252887674388480
250688651132928 255086697644032
252887674388480 257285720899584
255086697644032 259484744155136
257285720899584 261683767410688
259484744155136 263882790666240
261683767410688 266081813921792
263882790666240 268280837177344
266081813921792 270479860432896
268280837177344 272678883688448
270479860432896 274877906944000
272678883688448 277076930199552
274877906944000 279275953455104
277076930199552 281474976710656
0 1 0
0 2 0
0 3 0
0 4 0
0 5 0
0 6 0
0 7 0
0 8 0
0 9 0
0 10 0
0 11 0
0 12 0
1 0 0
1 1 0
1 2 0
1 3 0
2 0 0
2 1 0
2 2 0
2 3 0
3 0 0
3 1 0
3 2 0
3 3 0
4 0 0
5 0 0
6 0 0
7 0 0
8 0 0
9 0 0
10 0 0
11 0 0
12 0 0
15068910299737 15068910299738
15822355814724 15822355814725
16613473605460 16613473605461
17444147285733 17444147285734
18316354650020 18316354650021
19232172382521 19232172382522
20193781001647 20193781001648
21203470051729 21203470051730
22263643554315 22263643554316
23376825732031 23376825732032
24545667018633 24545667018634
25772950369564 25772950369565
27061597888043 27061597888044
28414677782445 28414677782446
29835411671567 29835411671568
31327182255145 31327182255146
32893541367903 32893541367904
34538218436298 34538218436299
36265129358113 36265129358114
38078385826019 38078385826020
39982305117319 39982305117320
41981420373185 41981420373186
44080491391845 44080491391846
46284515961437 46284515961438
48598741759509 48598741759510
51028678847484 51028678847485
53580112789859 53580112789860
56259118429352 56259118429353
59072074350819 59072074350820
62025678068360 62025678068361
65126961971778 65126961971779
68383310070367 68383310070368
71802475573885 71802475573886
75392599352580 75392599352581
79162229320209 79162229320210
83120340786219 83120340786220
87276357825530 87276357825531
91640175716807 91640175716808
96222184502647 96222184502648
101033293727780 101033293727781
106084958414169 106084958414170
111389206334877 111389206334878
116958666651621 116958666651622
122806599984202 122806599984203
128946929983412 128946929983413
135394276482583 135394276482584
142163990306712 142163990306713
149272189822047 149272189822048
156735799313150 156735799313151
164572589278807 164572589278808
172801218742748 172801218742749
181441279679885 181441279679886
190513343663879 190513343663880
200039010847073 200039010847074
210040961389427 210040961389428
220543009458899 220543009458900
231570159931844 231570159931845
243148667928436 243148667928437
255306101324858 255306101324859
268071406391100 268071406391101
281474976710656 281474976710656
295548725546188 295548725546189
310326161823498 310326161823499
325842469914673 325842469914674
342134593410406 342134593410407
359241323080927 359241323080928
377203389234973 377203389234974
396063558696722 396063558696723
415866736631558 415866736631559
436660073463136 436660073463137
458493077136293 458493077136294
481417730993107 481417730993108
505488617542763 505488617542764
530763048419901 530763048419902
557301200840896 557301200840897
585166260882941 585166260882942
614424573927088 614424573927089
645145802623442 645145802623443
677403092754614 677403092754615
711273247392345 711273247392346
746836909761962 746836909761963
784178755250060 784178755250061
823387693012563 823387693012564
864557077663192 864557077663193
907784931546351 907784931546352
953174178123669 953174178123670
1000832887029852 1000832887029853
1050874531381345 1050874531381346
1103418257950412 1103418257950413
1158589170847933 1158589170847934
1216518629390329 1216518629390330
1277344560859846 1277344560859847
1341211788902838 1341211788902839
1408272378347980 1408272378347981
1478685997265379 1478685997265380
1552620297128648 1552620297128649
1630251311985081 1630251311985082
1711763877584335 1711763877584336
1797352071463551 1797352071463552
1887219675036729 1887219675036730
1981580658788565 1981580658788566
2080659691727994 2080659691727995
2184692676314393 2184692676314394
2293927310130113 2293927310130114
2408623675636619 2408623675636620
2529054859418450 2529054859418451
2655507602389372 2655507602389373
2788282982508841 2788282982508842
2927697131634283 2927697131634284
3074081988215997 3074081988215998
3227786087626797 3227786087626798
3389175392008137 3389175392008138
3558634161608544 3558634161608545
3736565869688971 3736565869688972
3923394163173420 3923394163173421
4119563871332091 4119563871332092
4325542064898695 4325542064898696
4541819168143630 4541819168143631
4768910126550811 4768910126550812
5007355632878352 5007355632878353
5257723414522270 5257723414522271
5520609585248383 5520609585248384
153387297090227 153580904074869
0 106504045241869 110142382191127 0 19
173961102589770 173961102589771
74565835588752 74565835588753
218101384884806 218101384884807
158590695246746 158590695246747
101437842339644 101437842339645
124276392647921 124276392647922
86212142134126 86212142134127
180037134371011 180037134371012
195262834576529 195262834576530
206909141121903 206909141121904
215477122949499 215477122949500
109804156786616 109804156786617
115286852675876 115286852675877
119249876382091 119249876382092
122046809351175 122046809351176
78989958391076 78989958391077
81788019331802 81788019331803
83762851039411 83762851039412
85133254278538 85133254278539
0 0 1 281474976710656 281474976710656 0 281474976710656 0 281474976710656 1 2
39 0 2 107513874120885 107513874120886 0 281474976710656 0 281474976710656 3 2
16 0 0 47726749010666 47932338376012 0 281474976710656 0 281474976710656 4 5
17 0 0 26830231869386 27003822128644 0 281474976710656 0 281474976710656 1 6
32 0 3 41066645652000 41066645652001 0 281474976710656 0 281474976710656 3 7
5 0 0 20140496919907 20175261497660 0 281474976710656 0 281474976710656 8 9
47 0 0 11923143904795 11954835988933 0 281474976710656 0 281474976710656 10 2
33 0 0 18229995949539 18308524099376 0 281474976710656 0 281474976710656 4 11
6 0 0 8205176254115 8234470370356 0 281474976710656 0 281474976710656 12 13
7 0 0 4644782795429 4659638095870 0 281474976710656 0 281474976710656 14 5
34 0 0 10248236648064 10314542226986 0 281474976710656 0 281474976710656 1 15
8 0 0 4421393928548 4448199357057 0 281474976710656 0 281474976710656 16 17
9 0 0 2450751353590 2465121541545 0 281474976710656 0 281474976710656 18 6
154475275273366 154563126128726
0 117707717533547 119413626483309 0 19
173961102589770 173961102589771
74565835588752 74565835588753
218101384884806 218101384884807
158590695246746 158590695246747
101437842339644 101437842339645
124276392647921 124276392647922
86212142134126 86212142134127
180037134371011 180037134371012
195262834576529 195262834576530
206909141121903 206909141121904
215477122949499 215477122949500
109804156786616 109804156786617
115286852675876 115286852675877
119249876382091 119249876382092
122046809351175 122046809351176
78989958391076 78989958391077
81788019331802 81788019331803
83762851039411 83762851039412
85133254278538 85133254278539
1 0 1 281474976710656 281474976710656 0 281474976710656 0 281474976710656 1 2
41 0 2 107513874120885 107513874120886 0 281474976710656 0 281474976710656 3 2
21 0 0 48355607805697 48450271362205 0 281474976710656 0 281474976710656 4 5
22 0 0 27362978084358 27443628992045 0 281474976710656 0 281474976710656 1 6
32 0 3 41066645652000 41066645652001 0 281474976710656 0 281474976710656 3 7
5 0 0 20054288621640 20069900393505 0 281474976710656 0 281474976710656 8 9
47 0 0 11844745232261 11858922614998 0 281474976710656 0 281474976710656 10 2
33 0 0 18470198635116 18506356896207 0 281474976710656 0 281474976710656 4 11
6 0 0 8294680069320 8308127291707 0 281474976710656 0 281474976710656 12 13
7 0 0 4690145077657 4696953758537 0 281474976710656 0 281474976710656 14 5
34 0 0 10451727594806 10482533500319 0 281474976710656 0 281474976710656 1 15
8 0 0 4503607944191 4516040817960 0 281474976710656 0 281474976710656 16 17
9 0 0 2494812184149 2501471842085 0 281474976710656 0 281474976710656 18 6
151424836339932 151473818422518
0 82999031594167 83843610084026 0 19
173961102589770 173961102589771
74565835588752 74565835588753
218101384884806 218101384884807
158590695246746 158590695246747
101437842339644 101437842339645
124276392647921 124276392647922
86212142134126 86212142134127
180037134371011 180037134371012
195262834576529 195262834576530
206909141121903 206909141121904
215477122949499 215477122949500
109804156786616 109804156786617
115286852675876 115286852675877
119249876382091 119249876382092
122046809351175 122046809351176
78989958391076 78989958391077
81788019331802 81788019331803
83762851039411 83762851039412
85133254278538 85133254278539
2 0 1 281474976710656 281474976710656 0 281474976710656 0 281474976710656 1 2
42 0 2 107513874120885 107513874120886 0 281474976710656 0 281474976710656 3 2
23 0 0 46365910887253 46415808373125 0 281474976710656 0 281474976710656 4 5
24 0 0 25695252516088 25736439610934 0 281474976710656 0 281474976710656 1 6
35 0 3 41066645652000 41066645652001 0 281474976710656 0 281474976710656 3 7
10 0 0 20404572966010 20413571615893 0 281474976710656 0 281474976710656 8 9
48 0 0 12164990979163 12173277303990 0 281474976710656 0 281474976710656 10 2
36 0 0 17710202039581 17729261183232 0 281474976710656 0 281474976710656 4 11
11 0 0 8010451514546 8017616855154 0 281474976710656 0 281474976710656 12 13
12 0 0 4545824986836 4549472912900 0 281474976710656 0 281474976710656 14 5
37 0 0 9814713111634 9830445181968 0 281474976710656 0 281474976710656 1 15
13 0 0 4245727978934 4252115100044 0 281474976710656 0 281474976710656 16 17
14 0 0 2356471722851 2359902943702 0 281474976710656 0 281474976710656 18 6
155005600964046 155055545940878
0 123386291160835 124372664127965 0 19
173961102589770 173961102589771
74565835588752 74565835588753
218101384884806 218101384884807
158590695246746 158590695246747
101437842339644 101437842339645
124276392647921 124276392647922
86212142134126 86212142134127
180037134371011 180037134371012
195262834576529 195262834576530
206909141121903 206909141121904
215477122949499 215477122949500
109804156786616 109804156786617
115286852675876 115286852675877
119249876382091 119249876382092
122046809351175 122046809351176
78989958391076 78989958391077
81788019331802 81788019331803
83762851039411 83762851039412
85133254278538 85133254278539
3 0 1 281474976710656 281474976710656 0 281474976710656 0 281474976710656 1 2
44 0 2 107513874120885 107513874120886 0 281474976710656 0 281474976710656 3 2
26 0 0 48669620396302 48723845236131 0 281474976710656 0 281474976710656 4 5
27 0 0 27630968198179 27677379041265 0 281474976710656 0 281474976710656 1 6
32 0 3 41066645652000 41066645652001 0 281474976710656 0 281474976710656 3 7
5 0 0 20009528487665 20018358472864 0 281474976710656 0 281474976710656 8 9
47 0 0 11804146859690 11812150059448 0 281474976710656 0 281474976710656 10 2
33 0 0 18590140771832 18610852817613 0 281474976710656 0 281474976710656 4 11
6 0 0 8339260438167 8346951214694 0 281474976710656 0 281474976710656 12 13
7 0 0 4712710660331 4716601641921 0 281474976710656 0 281474976710656 14 5
34 0 0 10554090709637 10571818074250 0 281474976710656 0 281474976710656 1 15
8 0 0 4544907019659 4552055359438 0 281474976710656 0 281474976710656 16 17
9 0 0 2516930497503 2520757878309 0 281474976710656 0 281474976710656 18 6
151699323857204 151726663580036
0 85782850045152 86258460604879 0 19
173961102589770 173961102589771
74565835588752 74565835588753
218101384884806 218101384884807
158590695246746 158590695246747
101437842339644 101437842339645
124276392647921 124276392647922
86212142134126 86212142134127
180037134371011 180037134371012
195262834576529 195262834576530
206909141121903 206909141121904
215477122949499 215477122949500
109804156786616 109804156786617
115286852675876 115286852675877
119249876382091 119249876382092
122046809351175 122046809351176
78989958391076 78989958391077
81788019331802 81788019331803
83762851039411 83762851039412
85133254278538 85133254278539
4 0 1 281474976710656 281474976710656 0 281474976710656 0 281474976710656 1 2
45 0 2 107513874120885 107513874120886 0 281474976710656 0 281474976710656 3 2
28 0 0 46530091467917 46558059259244 0 281474976710656 0 281474976710656 4 5
29 0 0 25830895309416 25854036860158 0 281474976710656 0 281474976710656 1 6
35 0 3 41066645652000 41066645652001 0 281474976710656 0 281474976710656 3 7
10 0 0 20379030964664 20384039713847 0 281474976710656 0 281474976710656 8 9
48 0 0 12141487106545 12146094288243 0 281474976710656 0 281474976710656 10 2
36 0 0 17772913441103 17783596186800 0 281474976710656 0 281474976710656 4 11
11 0 0 8034020704727 8038033561461 0 281474976710656 0 281474976710656 12 13
12 0 0 4557822336684 4559864446727 0 281474976710656 0 281474976710656 14 5
37 0 0 9866524048356 9875363334188 0 281474976710656 0 281474976710656 1 15
13 0 0 4266759335289 4270346403696 0 281474976710656 0 281474976710656 16 17
14 0 0 2367769027171 2369695605931 0 281474976710656 0 281474976710656 18 6
153165159810030 153257175431108
0 102846626105816 104547848492530 0 19
173961102589770 173961102589771
74565835588752 74565835588753
218101384884806 218101384884807
158590695246746 158590695246747
101437842339644 101437842339645
124276392647921 124276392647922
86212142134126 86212142134127
180037134371011 180037134371012
195262834576529 195262834576530
206909141121903 206909141121904
215477122949499 215477122949500
109804156786616 109804156786617
115286852675876 115286852675877
119249876382091 119249876382092
122046809351175 122046809351176
78989958391076 78989958391077
81788019331802 81788019331803
83762851039411 83762851039412
85133254278538 85133254278539
5 0 1 281474976710656 281474976710656 0 281474976710656 0 281474976710656 1 2
39 0 2 107513874120885 107513874120886 0 281474976710656 0 281474976710656 3 2
16 0 0 47518737023805 47615660720220 0 281474976710656 0 281474976710656 4 5
17 0 0 26655165397344 26736666876603 0 281474976710656 0 281474976710656 1 6
32 0 3 41066645652000 41066645652001 0 281474976710656 0 281474976710656 3 7
5 0 0 20194177564411 20210757690442 0 281474976710656 0 281474976710656 8 9
47 0 0 11972098830283 11987240661455 0 281474976710656 0 281474976710656 10 2
33 0 0 18150542440625 18187563998341 0 281474976710656 0 281474976710656 4 11
6 0 0 8175504032812 8189334003498 0 281474976710656 0 281474976710656 12 13
7 0 0 4629727323710 4636745608502 0 281474976710656 0 281474976710656 14 5
34 0 0 10181367206035 10212498000979 0 281474976710656 0 281474976710656 1 15
8 0 0 4394344030545 4406939067485 0 281474976710656 0 281474976710656 16 17
9 0 0 2436245775605 2443000439154 0 281474976710656 0 281474976710656 18 6
154385907179288 154423786454866
0 116108427893145 116838669578009 0 19
173961102589770 173961102589771
74565835588752 74565835588753
218101384884806 218101384884807
158590695246746 158590695246747
101437842339644 101437842339645
124276392647921 124276392647922
86212142134126 86212142134127
180037134371011 180037134371012
195262834576529 195262834576530
206909141121903 206909141121904
215477122949499 215477122949500
109804156786616 109804156786617
115286852675876 115286852675877
119249876382091 119249876382092
122046809351175 122046809351176
78989958391076 78989958391077
81788019331802 81788019331803
83762851039411 83762851039412
85133254278538 85133254278539
6 0 1 281474976710656 281474976710656 0 281474976710656 0 281474976710656 1 2
41 0 2 107513874120885 107513874120886 0 281474976710656 0 281474976710656 3 2
21 0 0 48266601407863 48307273260578 0 281474976710656 0 281474976710656 4 5
22 0 0 27287255832097 27321844348757 0 281474976710656 0 281474976710656 1 6
32 0 3 41066645652000 41066645652001 0 281474976710656 0 281474976710656 3 7
5 0 0 20077896397927 20084637773674 0 281474976710656 0 281474976710656 8 9
47 0 0 11866187400285 11872314103008 0 281474976710656 0 281474976710656 10 2
33 0 0 18436201216360 18451736481712 0 281474976710656 0 281474976710656 4 11
6 0 0 8282030277694 8287811398182 0 281474976710656 0 281474976710656 12 13
7 0 0 4683738578364 4686666622446 0 281474976710656 0 281474976710656 14 5
34 0 0 10422804268147 10436015905891 0 281474976710656 0 281474976710656 1 15
8 0 0 4491931690819 4497265566822 0 281474976710656 0 281474976710656 16 17
9 0 0 2488556980919 2491414544949 0 281474976710656 0 281474976710656 18 6
151379871180097 151401141243964
0 82200656915501 82565993168460 0 19
173961102589770 173961102589771
74565835588752 74565835588753
218101384884806 218101384884807
158590695246746 158590695246747
101437842339644 101437842339645
124276392647921 124276392647922
86212142134126 86212142134127
180037134371011 180037134371012
195262834576529 195262834576530
206909141121903 206909141121904
215477122949499 215477122949500
109804156786616 109804156786617
115286852675876 115286852675877
119249876382091 119249876382092
122046809351175 122046809351176
78989958391076 78989958391077
81788019331802 81788019331803
83762851039411 83762851039412
85133254278538 85133254278539
7 0 1 281474976710656 281474976710656 0 281474976710656 0 281474976710656 1 2
42 0 2 107513874120885 107513874120886 0 281474976710656 0 281474976710656 3 2
23 0 0 46318673249371 46340297627038 0 281474976710656 0 281474976710656 4 5
24 0 0 25656290889856 25674123073862 0 281474976710656 0 281474976710656 1 6
35 0 3 41066645652000 41066645652001 0 281474976710656 0 281474976710656 3 7
10 0 0 20418198741877 20422109476063 0 281474976710656 0 281474976710656 8 9
48 0 0 12177539312327 12181142073185 0 281474976710656 0 281474976710656 10 2
36 0 0 17692158867459 17700418644743 0 281474976710656 0 281474976710656 4 11
11 0 0 8003666333164 8006772660865 0 281474976710656 0 281474976710656 12 13
12 0 0 4542370138637 4543951860657 0 281474976710656 0 281474976710656 14 5
37 0 0 9799831094670 9806642382868 0 281474976710656 0 281474976710656 1 15
13 0 0 4239685106086 4242450948114 0 281474976710656 0 281474976710656 16 17
14 0 0 2353225206851 2354711175086 0 281474976710656 0 281474976710656 18 6
154957859497054 154978388640871
0 122493739864822 122897525042681 0 19
173961102589770 173961102589771
74565835588752 74565835588753
218101384884806 218101384884807
158590695246746 158590695246747
101437842339644 101437842339645
124276392647921 124276392647922
86212142134126 86212142134127
180037134371011 180037134371012
195262834576529 195262834576530
206909141121903 206909141121904
215477122949499 215477122949500
109804156786616 109804156786617
115286852675876 115286852675877
119249876382091 119249876382092
122046809351175 122046809351176
78989958391076 78989958391077
81788019331802 81788019331803
83762851039411 83762851039412
85133254278538 85133254278539
8 0 1 281474976710656 281474976710656 0 281474976710656 0 281474976710656 1 2
44 0 2 107513874120885 107513874120886 0 281474976710656 0 281474976710656 3 2
26 0 0 48620472133927 48642716094571 0 281474976710656 0 281474976710656 4 5
27 0 0 27588936336300 27607955493943 0 281474976710656 0 281474976710656 1 6
32 0 3 41066645652000 41066645652001 0 281474976710656 0 281474976710656 3 7
5 0 0 20022747227935 20026379608268 0 281474976710656 0 281474976710656 8 9
47 0 0 11816128935206 11819422607163 0 281474976710656 0 281474976710656 10 2
33 0 0 18571367806093 18579864243015 0 281474976710656 0 281474976710656 4 11
6 0 0 8332287767396 8335443746437 0 281474976710656 0 281474976710656 12 13
7 0 0 4709182501746 4710779478732 0 281474976710656 0 281474976710656 14 5
34 0 0 10538035967009 10545300638792 0 281474976710656 0 281474976710656 1 15
8 0 0 4538432156466 4541362108356 0 281474976710656 0 281474976710656 16 17
9 0 0 2513463452885 2515032361847 0 281474976710656 0 281474976710656 18 6
151676169123920 151687450618222
0 85350476809037 85546316451278 0 19
173961102589770 173961102589771
74565835588752 74565835588753
218101384884806 218101384884807
158590695246746 158590695246747
101437842339644 101437842339645
124276392647921 124276392647922
86212142134126 86212142134127
180037134371011 180037134371012
195262834576529 195262834576530
206909141121903 206909141121904
215477122949499 215477122949500
109804156786616 109804156786617
115286852675876 115286852675877
119249876382091 119249876382092
122046809351175 122046809351176
78989958391076 78989958391077
81788019331802 81788019331803
83762851039411 83762851039412
85133254278538 85133254278539
9 0 1 281474976710656 281474976710656 0 281474976710656 0 281474976710656 1 2
45 0 2 107513874120885 107513874120886 0 281474976710656 0 281474976710656 3 2
28 0 0 46504645430722 46516173441117 0 281474976710656 0 281474976710656 4 5
29 0 0 25809849231658 25819382846682 0 281474976710656 0 281474976710656 1 6
35 0 3 41066645652000 41066645652001 0 281474976710656 0 281474976710656 3 7
10 0 0 20386534663932 20388602373938 0 281474976710656 0 281474976710656 8 9
48 0 0 12148389554784 12150291949113 0 281474976710656 0 281474976710656 10 2
36 0 0 17763193919773 17767597227922 0 281474976710656 0 281474976710656 4 11
11 0 0 8030369141614 8032023499538 0 281474976710656 0 281474976710656 12 13
12 0 0 4555963949137 4556805916560 0 281474976710656 0 281474976710656 14 5
37 0 0 9858485161983 9862126678887 0 281474976710656 0 281474976710656 1 15
13 0 0 4263496819127 4264974729342 0 281474976710656 0 281474976710656 16 17
14 0 0 2366016694398 2366810503988 0 281474976710656 0 281474976710656 18 6
153024121677679 153077747585316
0 100826857329190 101810097959174 0 19
173961102589770 173961102589771
74565835588752 74565835588753
218101384884806 218101384884807
158590695246746 158590695246747
101437842339644 101437842339645
124276392647921 124276392647922
86212142134126 86212142134127
180037134371011 180037134371012
195262834576529 195262834576530
206909141121903 206909141121904
215477122949499 215477122949500
109804156786616 109804156786617
115286852675876 115286852675877
119249876382091 119249876382092
122046809351175 122046809351176
78989958391076 78989958391077
81788019331802 81788019331803
83762851039411 83762851039412
85133254278538 85133254278539
10 0 1 281474976710656 281474976710656 0 281474976710656 0 281474976710656 1 2
39 0 2 107513874120885 107513874120886 0 281474976710656 0 281474976710656 3 2
16 0 0 47403282767395 47459538799154 0 281474976710656 0 281474976710656 4 5
17 0 0 26558243788549 26605447658752 0 281474976710656 0 281474976710656 1 6
32 0 3 41066645652000 41066645652001 0 281474976710656 0 281474976710656 3 7
5 0 0 20220919413219 20230600848553 0 281474976710656 0 281474976710656 8 9
47 0 0 11996525850746 12005375701085 0 281474976710656 0 281474976710656 10 2
33 0 0 18106442838822 18127930730883 0 281474976710656 0 281474976710656 4 11
6 0 0 8159020535528 8167053534409 0 281474976710656 0 281474976710656 12 13
7 0 0 4621360041720 4625438046231 0 281474976710656 0 281474976710656 14 5
34 0 0 10144346445720 10162376719737 0 281474976710656 0 281474976710656 1 15
8 0 0 4379361306029 4386659002202 0 281474976710656 0 281474976710656 16 17
9 0 0 2428209372576 2432123863378 0 281474976710656 0 281474976710656 18 6
154329658395211 154350683636177
0 115270704748173 115674647963284 0 19
173961102589770 173961102589771
74565835588752 74565835588753
218101384884806 218101384884807
158590695246746 158590695246747
101437842339644 101437842339645
124276392647921 124276392647922
86212142134126 86212142134127
180037134371011 180037134371012
195262834576529 195262834576530
206909141121903 206909141121904
215477122949499 215477122949500
109804156786616 109804156786617
115286852675876 115286852675877
119249876382091 119249876382092
122046809351175 122046809351176
78989958391076 78989958391077
81788019331802 81788019331803
83762851039411 83762851039412
85133254278538 85133254278539
11 0 1 281474976710656 281474976710656 0 281474976710656 0 281474976710656 1 2
41 0 2 107513874120885 107513874120886 0 281474976710656 0 281474976710656 3 2
21 0 0 48219878529180 48242416555134 0 281474976710656 0 281474976710656 4 5
22 0 0 27247548523298 27266698775401 0 281474976710656 0 281474976710656 1 6
32 0 3 41066645652000 41066645652001 0 281474976710656 0 281474976710656 3 7
5 0 0 20088652075969 20092396834040 0 281474976710656 0 281474976710656 8 9
47 0 0 11875963172507 11879367752013 0 281474976710656 0 281474976710656 10 2
33 0 0 18418354664755 18426963424631 0 281474976710656 0 281474976710656 4 11
6 0 0 8275387513661 8278592034577 0 281474976710656 0 281474976710656 12 13
7 0 0 4680373730693 4681997012076 0 281474976710656 0 281474976710656 14 5
34 0 0 10407637425787 10414952171198 0 281474976710656 0 281474976710656 1 15
8 0 0 4485807658842 4488761295009 0 281474976710656 0 281474976710656 16 17
9 0 0 2485275892928 2486858397601 0 281474976710656 0 281474976710656 18 6
151350962110458 151362809096865
0 81779891882150 81983002925434 0 19
173961102589770 173961102589771
74565835588752 74565835588753
218101384884806 218101384884807
158590695246746 158590695246747
101437842339644 101437842339645
124276392647921 124276392647922
86212142134126 86212142134127
180037134371011 180037134371012
195262834576529 195262834576530
206909141121903 206909141121904
215477122949499 215477122949500
109804156786616 109804156786617
115286852675876 115286852675877
119249876382091 119249876382092
122046809351175 122046809351176
78989958391076 78989958391077
81788019331802 81788019331803
83762851039411 83762851039412
85133254278538 85133254278539
12 0 1 281474976710656 281474976710656 0 281474976710656 0 281474976710656 1 2
42 0 2 107513874120885 107513874120886 0 281474976710656 0 281474976710656 3 2
23 0 0 46293750371849 46305783464837 0 281474976710656 0 281474976710656 4 5
24 0 0 25635746218318 25645664444486 0 281474976710656 0 281474976710656 1 6
35 0 3 41066645652000 41066645652001 0 281474976710656 0 281474976710656 3 7
10 0 0 20424442410922 20426621532665 0 281474976710656 0 281474976710656 8 9
48 0 0 12183291556043 12185299502188 0 281474976710656 0 281474976710656 10 2
36 0 0 17682639175343 17687235407875 0 281474976710656 0 281474976710656 4 11
11 0 0 8000085723067 8001814549558 0 281474976710656 0 281474976710656 12 13
12 0 0 4540546797663 4541427177352 0 281474976710656 0 281474976710656 14 5
37 0 0 9791983728431 9795772153719 0 281474976710656 0 281474976710656 1 15
13 0 0 4236498327170 4238036818386 0 281474976710656 0 281474976710656 16 17
14 0 0 2351513029529 2352339630448 0 281474976710656 0 281474976710656 18 6
154927826043929 154938966077326
0 122038101790634 122256808066245 0 19
173961102589770 173961102589771
74565835588752 74565835588753
218101384884806 218101384884807
158590695246746 158590695246747
101437842339644 101437842339645
124276392647921 124276392647922
86212142134126 86212142134127
180037134371011 180037134371012
195262834576529 195262834576530
206909141121903 206909141121904
215477122949499 215477122949500
109804156786616 109804156786617
115286852675876 115286852675877
119249876382091 119249876382092
122046809351175 122046809351176
78989958391076 78989958391077
81788019331802 81788019331803
83762851039411 83762851039412
85133254278538 85133254278539
13 0 1 281474976710656 281474976710656 0 281474976710656 0 281474976710656 1 2
44 0 2 107513874120885 107513874120886 0 281474976710656 0 281474976710656 3 2
26 0 0 48595352673821 48607412529671 0 281474976710656 0 281474976710656 4 5
27 0 0 27567466500256 27577773119202 0 281474976710656 0 281474976710656 1 6
32 0 3 41066645652000 41066645652001 0 281474976710656 0 281474976710656 3 7
5 0 0 20028513829793 20030485738021 0 281474976710656 0 281474976710656 8 9
47 0 0 11821358043273 11823146431781 0 281474976710656 0 281474976710656 10 2
33 0 0 18561773026111 18566379481147 0 281474976710656 0 281474976710656 4 11
6 0 0 8328723363692 8330434693667 0 281474976710656 0 281474976710656 12 13
7 0 0 4707378741029 4708244771907 0 281474976710656 0 281474976710656 14 5
34 0 0 10529835219374 10533771997502 0 281474976710656 0 281474976710656 1 15
8 0 0 4535124439897 4536712343558 0 281474976710656 0 281474976710656 16 17
9 0 0 2511692200836 2512542516764 0 281474976710656 0 281474976710656 18 6
151661224591659 151667357657566
0 85129017346637 85235380271537 0 19
173961102589770 173961102589771
74565835588752 74565835588753
218101384884806 218101384884807
158590695246746 158590695246747
101437842339644 101437842339645
124276392647921 124276392647922
86212142134126 86212142134127
180037134371011 180037134371012
195262834576529 195262834576530
206909141121903 206909141121904
215477122949499 215477122949500
109804156786616 109804156786617
115286852675876 115286852675877
119249876382091 119249876382092
122046809351175 122046809351176
78989958391076 78989958391077
81788019331802 81788019331803
83762851039411 83762851039412
85133254278538 85133254278539
14 0 1 281474976710656 281474976710656 0 281474976710656 0 281474976710656 1 2
45 0 2 107513874120885 107513874120886 0 281474976710656 0 281474976710656 3 2
28 0 0 46491604426346 46497868430568 0 281474976710656 0 281474976710656 4 5
29 0 0 25799066470679 25804245492268 0 281474976710656 0 281474976710656 1 6
35 0 3 41066645652000 41066645652001 0 281474976710656 0 281474976710656 3 7
10 0 0 20389818429530 20390942767082 0 281474976710656 0 281474976710656 8 9
48 0 0 12151410853246 12152445415197 0 281474976710656 0 281474976710656 10 2
36 0 0 17758212699349 17760605336057 0 281474976710656 0 281474976710656 4 11
11 0 0 8028497532191 8029396541611 0 281474976710656 0 281474976710656 12 13
12 0 0 4555011381646 4555468942474 0 281474976710656 0 281474976710656 14 5
37 0 0 9854366513781 9856344724000 0 281474976710656 0 281474976710656 1 15
13 0 0 4261825204373 4262628098519 0 281474976710656 0 281474976710656 16 17
14 0 0 2365118826973 2365550084257 0 281474976710656 0 281474976710656 18 6
153387297090227 153580904074869
1 106504045241869 110142382191127 0 19
173961102589770 173961102589771
218101384884806 218101384884807
74565835588752 74565835588753
158590695246746 158590695246747
124276392647921 124276392647922
101437842339644 101437842339645
86212142134126 86212142134127
180037134371011 180037134371012
206909141121903 206909141121904
195262834576529 195262834576530
215477122949499 215477122949500
109804156786616 109804156786617
119249876382091 119249876382092
115286852675876 115286852675877
122046809351175 122046809351176
78989958391076 78989958391077
83762851039411 83762851039412
81788019331802 81788019331803
85133254278538 85133254278539
15 0 1 281474976710656 281474976710656 0 281474976710656 0 281474976710656 1 2
31 0 2 107513874120885 107513874120886 0 281474976710656 0 281474976710656 1 3
1 0 0 47726749010666 47932338376012 0 281474976710656 0 281474976710656 4 5
2 0 0 26830231869386 27003822128644 0 281474976710656 0 281474976710656 6 2
40 0 3 41066645652000 41066645652001 0 281474976710656 0 281474976710656 7 3
20 0 0 20140496919907 20175261497660 0 281474976710656 0 281474976710656 8 9
50 0 0 11923143904795 11954835988933 0 281474976710656 0 281474976710656 1 10
41 0 0 18229995949539 18308524099376 0 281474976710656 0 281474976710656 11 5
21 0 0 8205176254115 8234470370356 0 281474976710656 0 281474976710656 12 13
22 0 0 4644782795429 4659638095870 0 281474976710656 0 281474976710656 4 14
42 0 0 10248236648064 10314542226986 0 281474976710656 0 281474976710656 15 2
23 0 0 4421393928548 4448199357057 0 281474976710656 0 281474976710656 16 17
24 0 0 2450751353590 2465121541545 0 281474976710656 0 281474976710656 6 18
154475275273366 154563126128726
1 117707717533547 119413626483309 0 19
173961102589770 173961102589771
218101384884806 218101384884807
74565835588752 74565835588753
158590695246746 158590695246747
124276392647921 124276392647922
101437842339644 101437842339645
86212142134126 86212142134127
180037134371011 180037134371012
206909141121903 206909141121904
195262834576529 195262834576530
215477122949499 215477122949500
109804156786616 109804156786617
119249876382091 119249876382092
115286852675876 115286852675877
122046809351175 122046809351176
78989958391076 78989958391077
83762851039411 83762851039412
81788019331802 81788019331803
85133254278538 85133254278539
16 0 1 281474976710656 281474976710656 0 281474976710656 0 281474976710656 1 2
33 0 2 107513874120885 107513874120886 0 281474976710656 0 281474976710656 1 3
6 0 0 48355607805697 48450271362205 0 281474976710656 0 281474976710656 4 5
7 0 0 27362978084358 27443628992045 0 281474976710656 0 281474976710656 6 2
40 0 3 41066645652000 41066645652001 0 281474976710656 0 281474976710656 7 3
20 0 0 20054288621640 20069900393505 0 281474976710656 0 281474976710656 8 9
50 0 0 11844745232261 11858922614998 0 281474976710656 0 281474976710656 1 10
41 0 0 18470198635116 18506356896207 0 281474976710656 0 281474976710656 11 5
21 0 0 8294680069320 8308127291707 0 281474976710656 0 281474976710656 12 13
22 0 0 4690145077657 4696953758537 0 281474976710656 0 281474976710656 4 14
42 0 0 10451727594806 10482533500319 0 281474976710656 0 281474976710656 15 2
23 0 0 4503607944191 4516040817960 0 281474976710656 0 281474976710656 16 17
24 0 0 2494812184149 2501471842085 0 281474976710656 0 281474976710656 6 18
151424836339932 151473818422518
1 82999031594167 83843610084026 0 19
173961102589770 173961102589771
218101384884806 218101384884807
74565835588752 74565835588753
158590695246746 158590695246747
124276392647921 124276392647922
101437842339644 101437842339645
86212142134126 86212142134127
180037134371011 180037134371012
206909141121903 206909141121904
195262834576529 195262834576530
215477122949499 215477122949500
109804156786616 109804156786617
119249876382091 119249876382092
115286852675876 115286852675877
122046809351175 122046809351176
78989958391076 78989958391077
83762851039411 83762851039412
81788019331802 81788019331803
85133254278538 85133254278539
17 0 1 281474976710656 281474976710656 0 281474976710656 0 281474976710656 1 2
34 0 2 107513874120885 107513874120886 0 281474976710656 0 281474976710656 1 3
8 0 0 46365910887253 46415808373125 0 281474976710656 0 281474976710656 4 5
9 0 0 25695252516088 25736439610934 0 281474976710656 0 281474976710656 6 2
43 0 3 41066645652000 41066645652001 0 281474976710656 0 281474976710656 7 3
25 0 0 20404572966010 20413571615893 0 281474976710656 0 281474976710656 8 9
51 0 0 12164990979163 12173277303990 0 281474976710656 0 281474976710656 1 10
44 0 0 17710202039581 17729261183232 0 281474976710656 0 281474976710656 11 5
26 0 0 8010451514546 8017616855154 0 281474976710656 0 281474976710656 12 13
27 0 0 4545824986836 4549472912900 0 281474976710656 0 281474976710656 4 14
45 0 0 9814713111634 9830445181968 0 281474976710656 0 281474976710656 15 2
28 0 0 4245727978934 4252115100044 0 281474976710656 0 281474976710656 16 17
29 0 0 2356471722851 2359902943702 0 281474976710656 0 281474976710656 6 18
155005600964046 155055545940878
1 123386291160835 124372664127965 0 19
173961102589770 173961102589771
218101384884806 218101384884807
74565835588752 74565835588753
158590695246746 158590695246747
124276392647921 124276392647922
101437842339644 101437842339645
86212142134126 86212142134127
180037134371011 180037134371012
206909141121903 206909141121904
195262834576529 195262834576530
215477122949499 215477122949500
109804156786616 109804156786617
119249876382091 119249876382092
115286852675876 115286852675877
122046809351175 122046809351176
78989958391076 78989958391077
83762851039411 83762851039412
81788019331802 81788019331803
85133254278538 85133254278539
18 0 1 281474976710656 281474976710656 0 281474976710656 0 281474976710656 1 2
36 0 2 107513874120885 107513874120886 0 281474976710656 0 281474976710656 1 3
11 0 0 48669620396302 48723845236131 0 281474976710656 0 281474976710656 4 5
12 0 0 27630968198179 27677379041265 0 281474976710656 0 281474976710656 6 2
40 0 3 41066645652000 41066645652001 0 281474976710656 0 281474976710656 7 3
20 0 0 20009528487665 20018358472864 0 281474976710656 0 281474976710656 8 9
50 0 0 11804146859690 11812150059448 0 281474976710656 0 281474976710656 1 10
41 0 0 18590140771832 18610852817613 0 281474976710656 0 281474976710656 11 5
21 0 0 8339260438167 8346951214694 0 281474976710656 0 281474976710656 12 13
22 0 0 4712710660331 4716601641921 0 281474976710656 0 281474976710656 4 14
42 0 0 10554090709637 10571818074250 0 281474976710656 0 281474976710656 15 2
23 0 0 4544907019659 4552055359438 0 281474976710656 0 281474976710656 16 17
24 0 0 2516930497503 2520757878309 0 281474976710656 0 281474976710656 6 18
151699323857204 151726663580036
1 85782850045152 86258460604879 0 19
173961102589770 173961102589771
218101384884806 218101384884807
74565835588752 74565835588753
158590695246746 158590695246747
124276392647921 124276392647922
101437842339644 101437842339645
86212142134126 86212142134127
180037134371011 180037134371012
206909141121903 206909141121904
195262834576529 195262834576530
215477122949499 215477122949500
109804156786616 109804156786617
119249876382091 119249876382092
115286852675876 115286852675877
122046809351175 122046809351176
78989958391076 78989958391077
83762851039411 83762851039412
81788019331802 81788019331803
85133254278538 85133254278539
19 0 1 281474976710656 281474976710656 0 281474976710656 0 281474976710656 1 2
37 0 2 107513874120885 107513874120886 0 281474976710656 0 281474976710656 1 3
13 0 0 46530091467917 46558059259244 0 281474976710656 0 281474976710656 4 5
14 0 0 25830895309416 25854036860158 0 281474976710656 0 281474976710656 6 2
43 0 3 41066645652000 41066645652001 0 281474976710656 0 281474976710656 7 3
25 0 0 20379030964664 20384039713847 0 281474976710656 0 281474976710656 8 9
51 0 0 12141487106545 12146094288243 0 281474976710656 0 281474976710656 1 10
44 0 0 17772913441103 17783596186800 0 281474976710656 0 281474976710656 11 5
26 0 0 8034020704727 8038033561461 0 281474976710656 0 281474976710656 12 13
27 0 0 4557822336684 4559864446727 0 281474976710656 0 281474976710656 4 14
45 0 0 9866524048356 9875363334188 0 281474976710656 0 281474976710656 15 2
28 0 0 4266759335289 4270346403696 0 281474976710656 0 281474976710656 16 17
29 0 0 2367769027171 2369695605931 0 281474976710656 0 281474976710656 6 18
153165159810030 153257175431108
1 102846626105816 104547848492530 0 19
173961102589770 173961102589771
218101384884806 218101384884807
74565835588752 74565835588753
158590695246746 158590695246747
124276392647921 124276392647922
101437842339644 101437842339645
86212142134126 86212142134127
180037134371011 180037134371012
206909141121903 206909141121904
195262834576529 195262834576530
215477122949499 215477122949500
109804156786616 109804156786617
119249876382091 119249876382092
115286852675876 115286852675877
122046809351175 122046809351176
78989958391076 78989958391077
83762851039411 83762851039412
81788019331802 81788019331803
85133254278538 85133254278539
20 0 1 281474976710656 281474976710656 0 281474976710656 0 281474976710656 1 2
31 0 2 107513874120885 107513874120886 0 281474976710656 0 281474976710656 1 3
1 0 0 47518737023805 47615660720220 0 281474976710656 0 281474976710656 4 5
2 0 0 26655165397344 26736666876603 0 281474976710656 0 281474976710656 6 2
40 0 3 41066645652000 41066645652001 0 281474976710656 0 281474976710656 7 3
20 0 0 20194177564411 20210757690442 0 281474976710656 0 281474976710656 8 9
50 0 0 11972098830283 11987240661455 0 281474976710656 0 281474976710656 1 10
41 0 0 18150542440625 18187563998341 0 281474976710656 0 281474976710656 11 5
21 0 0 8175504032812 8189334003498 0 281474976710656 0 281474976710656 12 13
22 0 0 4629727323710 4636745608502 0 281474976710656 0 281474976710656 4 14
42 0 0 10181367206035 10212498000979 0 281474976710656 0 281474976710656 15 2
23 0 0 4394344030545 4406939067485 0 281474976710656 0 281474976710656 16 17
24 0 0 2436245775605 2443000439154 0 281474976710656 0 281474976710656 6 18
154385907179288 154423786454866
1 116108427893145 116838669578009 0 19
173961102589770 173961102589771
218101384884806 218101384884807
74565835588752 74565835588753
158590695246746 158590695246747
124276392647921 124276392647922
101437842339644 101437842339645
86212142134126 86212142134127
180037134371011 180037134371012
206909141121903 206909141121904
195262834576529 195262834576530
215477122949499 215477122949500
109804156786616 109804156786617
119249876382091 119249876382092
115286852675876 115286852675877
122046809351175 122046809351176
78989958391076 78989958391077
83762851039411 83762851039412
81788019331802 81788019331803
85133254278538 85133254278539
21 0 1 281474976710656 281474976710656 0 281474976710656 0 281474976710656 1 2
33 0 2 107513874120885 107513874120886 0 281474976710656 0 281474976710656 1 3
6 0 0 48266601407863 48307273260578 0 281474976710656 0 281474976710656 4 5
7 0 0 27287255832097 27321844348757 0 281474976710656 0 281474976710656 6 2
40 0 3 41066645652000 41066645652001 0 281474976710656 0 281474976710656 7 3
20 0 0 20077896397927 20084637773674 0 281474976710656 0 281474976710656 8 9
50 0 0 11866187400285 11872314103008 0 281474976710656 0 281474976710656 1 10
41 0 0 18436201216360 18451736481712 0 281474976710656 0 281474976710656 11 5
21 0 0 8282030277694 8287811398182 0 281474976710656 0 281474976710656 12 13
22 0 0 4683738578364 4686666622446 0 281474976710656 0 281474976710656 4 14
42 0 0 10422804268147 10436015905891 0 281474976710656 0 281474976710656 15 2
23 0 0 4491931690819 4497265566822 0 281474976710656 0 281474976710656 16 17
24 0 0 2488556980919 2491414544949 0 281474976710656 0 281474976710656 6 18
151379871180097 151401141243964
1 82200656915501 82565993168460 0 19
173961102589770 173961102589771
218101384884806 218101384884807
74565835588752 74565835588753
158590695246746 158590695246747
124276392647921 124276392647922
101437842339644 101437842339645
86212142134126 86212142134127
180037134371011 180037134371012
206909141121903 206909141121904
195262834576529 195262834576530
215477122949499 215477122949500
109804156786616 109804156786617
119249876382091 119249876382092
115286852675876 115286852675877
122046809351175 122046809351176
78989958391076 78989958391077
83762851039411 83762851039412
81788019331802 81788019331803
85133254278538 85133254278539
22 0 1 281474976710656 281474976710656 0 281474976710656 0 281474976710656 1 2
34 0 2 107513874120885 107513874120886 0 281474976710656 0 281474976710656 1 3
8 0 0 46318673249371 46340297627038 0 281474976710656 0 281474976710656 4 5
9 0 0 25656290889856 25674123073862 0 281474976710656 0 281474976710656 6 2
43 0 3 41066645652000 41066645652001 0 281474976710656 0 281474976710656 7 3
25 0 0 20418198741877 20422109476063 0 281474976710656 0 281474976710656 8 9
51 0 0 12177539312327 12181142073185 0 281474976710656 0 281474976710656 1 10
44 0 0 17692158867459 17700418644743 0 281474976710656 0 281474976710656 11 5
26 0 0 8003666333164 8006772660865 0 281474976710656 0 281474976710656 12 13
27 0 0 4542370138637 4543951860657 0 281474976710656 0 281474976710656 4 14
45 0 0 9799831094670 9806642382868 0 281474976710656 0 281474976710656 15 2
28 0 0 4239685106086 4242450948114 0 281474976710656 0 281474976710656 16 17
29 0 0 2353225206851 2354711175086 0 281474976710656 0 281474976710656 6 18
154957859497054 154978388640871
1 122493739864822 122897525042681 0 19
173961102589770 173961102589771
218101384884806 218101384884807
74565835588752 74565835588753
158590695246746 158590695246747
124276392647921 124276392647922
101437842339644 101437842339645
86212142134126 86212142134127
180037134371011 180037134371012
206909141121903 206909141121904
195262834576529 195262834576530
215477122949499 215477122949500
109804156786616 109804156786617
119249876382091 119249876382092
115286852675876 115286852675877
122046809351175 122046809351176
78989958391076 78989958391077
83762851039411 83762851039412
81788019331802 81788019331803
85133254278538 85133254278539
23 0 1 281474976710656 281474976710656 0 281474976710656 0 281474976710656 1 2
36 0 2 107513874120885 107513874120886 0 281474976710656 0 281474976710656 1 3
11 0 0 48620472133927 48642716094571 0 281474976710656 0 281474976710656 4 5
12 0 0 27588936336300 27607955493943 0 281474976710656 0 281474976710656 6 2
40 0 3 41066645652000 41066645652001 0 281474976710656 0 281474976710656 7 3
20 0 0 20022747227935 20026379608268 0 281474976710656 0 281474976710656 8 9
50 0 0 11816128935206 11819422607163 0 281474976710656 0 281474976710656 1 10
41 0 0 18571367806093 18579864243015 0 281474976710656 0 281474976710656 11 5
21 0 0 8332287767396 8335443746437 0 281474976710656 0 281474976710656 12 13
22 0 0 4709182501746 4710779478732 0 281474976710656 0 281474976710656 4 14
42 0 0 10538035967009 10545300638792 0 281474976710656 0 281474976710656 15 2
23 0 0 4538432156466 4541362108356 0 281474976710656 0 281474976710656 16 17
24 0 0 2513463452885 2515032361847 0 281474976710656 0 281474976710656 6 18
151676169123920 151687450618222
1 85350476809037 85546316451278 0 19
173961102589770 173961102589771
218101384884806 218101384884807
74565835588752 74565835588753
158590695246746 158590695246747
124276392647921 124276392647922
101437842339644 101437842339645
86212142134126 86212142134127
180037134371011 180037134371012
206909141121903 206909141121904
195262834576529 195262834576530
215477122949499 215477122949500
109804156786616 109804156786617
119249876382091 119249876382092
115286852675876 115286852675877
122046809351175 122046809351176
78989958391076 78989958391077
83762851039411 83762851039412
81788019331802 81788019331803
85133254278538 85133254278539
24 0 1 281474976710656 281474976710656 0 281474976710656 0 281474976710656 1 2
37 0 2 107513874120885 107513874120886 0 281474976710656 0 281474976710656 1 3
13 0 0 46504645430722 46516173441117 0 281474976710656 0 281474976710656 4 5
14 0 0 25809849231658 25819382846682 0 281474976710656 0 281474976710656 6 2
43 0 3 41066645652000 41066645652001 0 281474976710656 0 281474976710656 7 3
25 0 0 20386534663932 20388602373938 0 281474976710656 0 281474976710656 8 9
51 0 0 12148389554784 12150291949113 0 281474976710656 0 281474976710656 1 10
44 0 0 17763193919773 17767597227922 0 281474976710656 0 281474976710656 11 5
26 0 0 8030369141614 8032023499538 0 281474976710656 0 281474976710656 12 13
27 0 0 4555963949137 4556805916560 0 281474976710656 0 281474976710656 4 14
45 0 0 9858485161983 9862126678887 0 281474976710656 0 281474976710656 15 2
28 0 0 4263496819127 4264974729342 0 281474976710656 0 281474976710656 16 17
29 0 0 2366016694398 2366810503988 0 281474976710656 0 281474976710656 6 18
153024121677679 153077747585316
1 100826857329190 101810097959174 0 19
173961102589770 173961102589771
218101384884806 218101384884807
74565835588752 74565835588753
158590695246746 158590695246747
124276392647921 124276392647922
101437842339644 101437842339645
86212142134126 86212142134127
180037134371011 180037134371012
206909141121903 206909141121904
195262834576529 195262834576530
215477122949499 215477122949500
109804156786616 109804156786617
119249876382091 119249876382092
115286852675876 115286852675877
122046809351175 122046809351176
78989958391076 78989958391077
83762851039411 83762851039412
81788019331802 81788019331803
85133254278538 85133254278539
25 0 1 281474976710656 281474976710656 0 281474976710656 0 281474976710656 1 2
31 0 2 107513874120885 107513874120886 0 281474976710656 0 281474976710656 1 3
1 0 0 47403282767395 47459538799154 0 281474976710656 0 281474976710656 4 5
2 0 0 26558243788549 26605447658752 0 281474976710656 0 281474976710656 6 2
40 0 3 41066645652000 41066645652001 0 281474976710656 0 281474976710656 7 3
20 0 0 20220919413219 20230600848553 0 281474976710656 0 281474976710656 8 9
50 0 0 11996525850746 12005375701085 0 281474976710656 0 281474976710656 1 10
41 0 0 18106442838822 18127930730883 0 281474976710656 0 281474976710656 11 5
21 0 0 8159020535528 8167053534409 0 281474976710656 0 281474976710656 12 13
22 0 0 4621360041720 4625438046231 0 281474976710656 0 281474976710656 4 14
42 0 0 10144346445720 10162376719737 0 281474976710656 0 281474976710656 15 2
23 0 0 4379361306029 4386659002202 0 281474976710656 0 281474976710656 16 17
24 0 0 2428209372576 2432123863378 0 281474976710656 0 281474976710656 6 18
154329658395211 154350683636177
1 115270704748173 115674647963284 0 19
173961102589770 173961102589771
218101384884806 218101384884807
74565835588752 74565835588753
158590695246746 158590695246747
124276392647921 124276392647922
101437842339644 101437842339645
86212142134126 86212142134127
180037134371011 180037134371012
206909141121903 206909141121904
195262834576529 195262834576530
215477122949499 215477122949500
109804156786616 109804156786617
119249876382091 119249876382092
115286852675876 115286852675877
122046809351175 122046809351176
78989958391076 78989958391077
83762851039411 83762851039412
81788019331802 81788019331803
85133254278538 85133254278539
26 0 1 281474976710656 281474976710656 0 281474976710656 0 281474976710656 1 2
33 0 2 107513874120885 107513874120886 0 281474976710656 0 281474976710656 1 3
6 0 0 48219878529180 48242416555134 0 281474976710656 0 281474976710656 4 5
7 0 0 27247548523298 27266698775401 0 281474976710656 0 281474976710656 6 2
40 0 3 41066645652000 41066645652001 0 281474976710656 0 281474976710656 7 3
20 0 0 20088652075969 20092396834040 0 281474976710656 0 281474976710656 8 9
50 0 0 11875963172507 11879367752013 0 281474976710656 0 281474976710656 1 10
41 0 0 18418354664755 18426963424631 0 281474976710656 0 281474976710656 11 5
21 0 0 8275387513661 8278592034577 0 281474976710656 0 281474976710656 12 13
22 0 0 4680373730693 4681997012076 0 281474976710656 0 281474976710656 4 14
42 0 0 10407637425787 10414952171198 0 281474976710656 0 281474976710656 15 2
23 0 0 4485807658842 4488761295009 0 281474976710656 0 281474976710656 16 17
24 0 0 2485275892928 2486858397601 0 281474976710656 0 281474976710656 6 18
151350962110458 151362809096865
1 81779891882150 81983002925434 0 19
173961102589770 173961102589771
218101384884806 218101384884807
74565835588752 74565835588753
158590695246746 158590695246747
124276392647921 124276392647922
101437842339644 101437842339645
86212142134126 86212142134127
180037134371011 180037134371012
206909141121903 206909141121904
195262834576529 195262834576530
215477122949499 215477122949500
109804156786616 109804156786617
119249876382091 119249876382092
115286852675876 115286852675877
122046809351175 122046809351176
78989958391076 78989958391077
83762851039411 83762851039412
81788019331802 81788019331803
85133254278538 85133254278539
27 0 1 281474976710656 281474976710656 0 281474976710656 0 281474976710656 1 2
34 0 2 107513874120885 107513874120886 0 281474976710656 0 281474976710656 1 3
8 0 0 46293750371849 46305783464837 0 281474976710656 0 281474976710656 4 5
9 0 0 25635746218318 25645664444486 0 281474976710656 0 281474976710656 6 2
43 0 3 41066645652000 41066645652001 0 281474976710656 0 281474976710656 7 3
25 0 0 20424442410922 20426621532665 0 281474976710656 0 281474976710656 8 9
51 0 0 12183291556043 12185299502188 0 281474976710656 0 281474976710656 1 10
44 0 0 17682639175343 17687235407875 0 281474976710656 0 281474976710656 11 5
26 0 0 8000085723067 8001814549558 0 281474976710656 0 281474976710656 12 13
27 0 0 4540546797663 4541427177352 0 281474976710656 0 281474976710656 4 14
45 0 0 9791983728431 9795772153719 0 281474976710656 0 281474976710656 15 2
28 0 0 4236498327170 4238036818386 0 281474976710656 0 281474976710656 16 17
29 0 0 2351513029529 2352339630448 0 281474976710656 0 281474976710656 6 18
154927826043929 154938966077326
1 122038101790634 122256808066245 0 19
173961102589770 173961102589771
218101384884806 218101384884807
74565835588752 74565835588753
158590695246746 158590695246747
124276392647921 124276392647922
101437842339644 101437842339645
86212142134126 86212142134127
180037134371011 180037134371012
206909141121903 206909141121904
195262834576529 195262834576530
215477122949499 215477122949500
109804156786616 109804156786617
119249876382091 119249876382092
115286852675876 115286852675877
122046809351175 122046809351176
78989958391076 78989958391077
83762851039411 83762851039412
81788019331802 81788019331803
85133254278538 85133254278539
28 0 1 281474976710656 281474976710656 0 281474976710656 0 281474976710656 1 2
36 0 2 107513874120885 107513874120886 0 281474976710656 0 281474976710656 1 3
11 0 0 48595352673821 48607412529671 0 281474976710656 0 281474976710656 4 5
12 0 0 27567466500256 27577773119202 0 281474976710656 0 281474976710656 6 2
40 0 3 41066645652000 41066645652001 0 281474976710656 0 281474976710656 7 3
20 0 0 20028513829793 20030485738021 0 281474976710656 0 281474976710656 8 9
50 0 0 11821358043273 11823146431781 0 281474976710656 0 281474976710656 1 10
41 0 0 18561773026111 18566379481147 0 281474976710656 0 281474976710656 11 5
21 0 0 8328723363692 8330434693667 0 281474976710656 0 281474976710656 12 13
22 0 0 4707378741029 4708244771907 0 281474976710656 0 281474976710656 4 14
42 0 0 10529835219374 10533771997502 0 281474976710656 0 281474976710656 15 2
23 0 0 4535124439897 4536712343558 0 281474976710656 0 281474976710656 16 17
24 0 0 2511692200836 2512542516764 0 281474976710656 0 281474976710656 6 18
151661224591659 151667357657566
1 85129017346637 85235380271537 0 19
173961102589770 173961102589771
218101384884806 218101384884807
74565835588752 74565835588753
158590695246746 158590695246747
124276392647921 124276392647922
101437842339644 101437842339645
86212142134126 86212142134127
180037134371011 180037134371012
206909141121903 206909141121904
195262834576529 195262834576530
215477122949499 215477122949500
109804156786616 109804156786617
119249876382091 119249876382092
115286852675876 115286852675877
122046809351175 122046809351176
78989958391076 78989958391077
83762851039411 83762851039412
81788019331802 81788019331803
85133254278538 85133254278539
29 0 1 281474976710656 281474976710656 0 281474976710656 0 281474976710656 1 2
37 0 2 107513874120885 107513874120886 0 281474976710656 0 281474976710656 1 3
13 0 0 46491604426346 46497868430568 0 281474976710656 0 281474976710656 4 5
14 0 0 25799066470679 25804245492268 0 281474976710656 0 281474976710656 6 2
43 0 3 41066645652000 41066645652001 0 281474976710656 0 281474976710656 7 3
25 0 0 20389818429530 20390942767082 0 281474976710656 0 281474976710656 8 9
51 0 0 12151410853246 12152445415197 0 281474976710656 0 281474976710656 1 10
44 0 0 17758212699349 17760605336057 0 281474976710656 0 281474976710656 11 5
26 0 0 8028497532191 8029396541611 0 281474976710656 0 281474976710656 12 13
27 0 0 4555011381646 4555468942474 0 281474976710656 0 281474976710656 4 14
45 0 0 9854366513781 9856344724000 0 281474976710656 0 281474976710656 15 2
28 0 0 4261825204373 4262628098519 0 281474976710656 0 281474976710656 16 17
29 0 0 2365118826973 2365550084257 0 281474976710656 0 281474976710656 6 18
148674371042876 149061692909305
0 171332594519529 180948199313994 0 17
173961102589770 173961102589771
81788019331802 81788019331803
218101384884806 218101384884807
158590695246746 158590695246747
101437842339644 101437842339645
124276392647921 124276392647922
86212142134126 86212142134127
180037134371011 180037134371012
195262834576529 195262834576530
206909141121903 206909141121904
215477122949499 215477122949500
109804156786616 109804156786617
115286852675876 115286852675877
119249876382091 119249876382092
122046809351175 122046809351176
83762851039411 83762851039412
85133254278538 85133254278539
30 0 1 281474976710656 281474976710656 0 281474976710656 0 281474976710656 1 2
38 0 2 107513874120885 107513874120886 0 281474976710656 0 281474976710656 3 2
15 0 0 51200515635692 51683416262858 0 281474976710656 0 281474976710656 4 5
49 0 0 29839432065303 30270732921647 0 281474976710656 0 281474976710656 1 6
30 0 3 41066645652000 41066645652001 0 281474976710656 0 281474976710656 3 7
0 0 0 19556856731314 19627004644565 0 281474976710656 0 281474976710656 8 9
46 0 0 11397648843952 11460156691656 0 281474976710656 0 281474976710656 10 2
31 0 0 19556856731314 19741308357703 0 281474976710656 0 281474976710656 4 11
1 0 0 8695896530085 8763412878890 0 281474976710656 0 281474976710656 12 13
2 0 0 4892556176794 4926470048384 0 281474976710656 0 281474976710656 14 5
-1
3 0 0 4883813971185 4949708756059 0 281474976710656 0 281474976710656 1 15
4 0 0 2698064298791 2733206951859 0 281474976710656 0 281474976710656 16 6
150875247165193 151064156919102
0 202310139510784 207402614418379 0 17
173961102589770 173961102589771
81788019331802 81788019331803
218101384884806 218101384884807
158590695246746 158590695246747
101437842339644 101437842339645
124276392647921 124276392647922
86212142134126 86212142134127
180037134371011 180037134371012
195262834576529 195262834576530
206909141121903 206909141121904
215477122949499 215477122949500
109804156786616 109804156786617
115286852675876 115286852675877
119249876382091 119249876382092
122046809351175 122046809351176
83762851039411 83762851039412
85133254278538 85133254278539
31 0 1 281474976710656 281474976710656 0 281474976710656 0 281474976710656 1 2
40 0 2 107513874120885 107513874120886 0 281474976710656 0 281474976710656 3 2
20 0 0 52728505486630 52972157693387 0 281474976710656 0 281474976710656 4 5
50 0 0 31215195995509 31437574198515 0 281474976710656 0 281474976710656 1 6
30 0 3 41066645652000 41066645652001 0 281474976710656 0 281474976710656 3 7
0 0 0 19376120037560 19409591526046 0 281474976710656 0 281474976710656 8 9
46 0 0 11237411168908 11266998005479 0 281474976710656 0 281474976710656 10 2
31 0 0 20140496919907 20233563781455 0 281474976710656 0 281474976710656 4 11
1 0 0 8908961932234 8942784401056 0 281474976710656 0 281474976710656 12 13
2 0 0 4999437921667 5016366432541 0 281474976710656 0 281474976710656 14 5
-1
3 0 0 5093680483237 5127515151687 0 281474976710656 0 281474976710656 1 15
4 0 0 2809905157377 2827913358885 0 281474976710656 0 281474976710656 16 6
148266687088481 148445126880978
0 162061350227347 166326122601752 0 17
173961102589770 173961102589771
81788019331802 81788019331803
218101384884806 218101384884807
158590695246746 158590695246747
101437842339644 101437842339645
124276392647921 124276392647922
86212142134126 86212142134127
180037134371011 180037134371012
195262834576529 195262834576530
206909141121903 206909141121904
215477122949499 215477122949500
109804156786616 109804156786617
115286852675876 115286852675877
119249876382091 119249876382092
122046809351175 122046809351176
83762851039411 83762851039412
85133254278538 85133254278539
32 0 1 281474976710656 281474976710656 0 281474976710656 0 281474976710656 1 2
38 0 2 107513874120885 107513874120886 0 281474976710656 0 281474976710656 3 2
15 0 0 50727340828432 50945934654368 0 281474976710656 0 281474976710656 4 5
49 0 0 29419924385760 29613344329247 0 281474976710656 0 281474976710656 1 6
30 0 3 41066645652000 41066645652001 0 281474976710656 0 281474976710656 3 7
0 0 0 19664541121437 19697083599631 0 281474976710656 0 281474976710656 8 9
46 0 0 11493677722594 11522780107254 0 281474976710656 0 281474976710656 10 2
31 0 0 19376120037560 19459615449338 0 281474976710656 0 281474976710656 4 11
1 0 0 8629576943071 8660234918175 0 281474976710656 0 281474976710656 12 13
2 0 0 4859202407261 4874626134643 0 281474976710656 0 281474976710656 14 5
-1
3 0 0 4819630637221 4849234388766 0 281474976710656 0 281474976710656 1 15
4 0 0 2663810924945 2679612748775 0 281474976710656 0 281474976710656 16 6
150686990932366 150767307066983
0 197631366626630 199756435084982 0 17
173961102589770 173961102589771
81788019331802 81788019331803
218101384884806 218101384884807
158590695246746 158590695246747
101437842339644 101437842339645
124276392647921 124276392647922
86212142134126 86212142134127
180037134371011 180037134371012
195262834576529 195262834576530
206909141121903 206909141121904
215477122949499 215477122949500
109804156786616 109804156786617
115286852675876 115286852675877
119249876382091 119249876382092
122046809351175 122046809351176
83762851039411 83762851039412
85133254278538 85133254278539
33 0 1 281474976710656 281474976710656 0 281474976710656 0 281474976710656 1 2
40 0 2 107513874120885 107513874120886 0 281474976710656 0 281474976710656 3 2
20 0 0 52502809231656 52605538466963 0 281474976710656 0 281474976710656 4 5
50 0 0 31009945606145 31103280494826 0 281474976710656 0 281474976710656 1 6
30 0 3 41066645652000 41066645652001 0 281474976710656 0 281474976710656 3 7
0 0 0 19426605400741 19440882189283 0 281474976710656 0 281474976710656 8 9
46 0 0 11282052650105 11294693398680 0 281474976710656 0 281474976710656 10 2
31 0 0 20054288621640 20093527697890 0 281474976710656 0 281474976710656 4 11
1 0 0 8877594780803 8891876486512 0 281474976710656 0 281474976710656 12 13
2 0 0 4983729031757 4990882520683 0 281474976710656 0 281474976710656 14 5
-1
3 0 0 5062430211322 5076643432324 0 281474976710656 0 281474976710656 1 15
4 0 0 2793266897570 2800834961806 0 281474976710656 0 281474976710656 16 6
151930238251496 151975713139954
0 216874162383620 218143106950759 0 17
173961102589770 173961102589771
81788019331802 81788019331803
218101384884806 218101384884807
158590695246746 158590695246747
101437842339644 101437842339645
124276392647921 124276392647922
86212142134126 86212142134127
180037134371011 180037134371012
195262834576529 195262834576530
206909141121903 206909141121904
215477122949499 215477122949500
109804156786616 109804156786617
115286852675876 115286852675877
119249876382091 119249876382092
122046809351175 122046809351176
83762851039411 83762851039412
85133254278538 85133254278539
34 0 1 281474976710656 281474976710656 0 281474976710656 0 281474976710656 1 2
43 0 2 107513874120885 107513874120886 0 281474976710656 0 281474976710656 3 2
25 0 0 53419865550942 53479313691508 0 281474976710656 0 281474976710656 4 5
51 0 0 31848359856287 31903117149904 0 281474976710656 0 281474976710656 1 6
30 0 3 41066645652000 41066645652001 0 281474976710656 0 281474976710656 3 7
0 0 0 19307457211956 19315436357047 0 281474976710656 0 281474976710656 8 9
46 0 0 11176842639999 11183872516017 0 281474976710656 0 281474976710656 10 2
31 0 0 20404572966010 20427280135139 0 281474976710656 0 281474976710656 4 11
1 0 0 9004824512586 9013051903785 0 281474976710656 0 281474976710656 12 13
2 0 0 5047391244524 5051502959977 0 281474976710656 0 281474976710656 14 5
-1
3 0 0 5189952257590 5198268852180 0 281474976710656 0 281474976710656 1 15
4 0 0 2861128539431 2865551185996 0 281474976710656 0 281474976710656 16 6
148009681308109 148112009886104
0 157102312582691 159502486802706 0 17
173961102589770 173961102589771
81788019331802 81788019331803
218101384884806 218101384884807
158590695246746 158590695246747
101437842339644 101437842339645
124276392647921 124276392647922
86212142134126 86212142134127
180037134371011 180037134371012
195262834576529 195262834576530
206909141121903 206909141121904
215477122949499 215477122949500
109804156786616 109804156786617
115286852675876 115286852675877
119249876382091 119249876382092
122046809351175 122046809351176
83762851039411 83762851039412
85133254278538 85133254278539
35 0 1 281474976710656 281474976710656 0 281474976710656 0 281474976710656 1 2
38 0 2 107513874120885 107513874120886 0 281474976710656 0 281474976710656 3 2
15 0 0 50471139885164 50595414102555 0 281474976710656 0 281474976710656 4 5
49 0 0 29194059198515 29303506737138 0 281474976710656 0 281474976710656 1 6
30 0 3 41066645652000 41066645652001 0 281474976710656 0 281474976710656 3 7
0 0 0 19716865133890 19735597547368 0 281474976710656 0 281474976710656 8 9
46 0 0 11540489197894 11557272109450 0 281474976710656 0 281474976710656 10 2
31 0 0 19278259985182 19325728512301 0 281474976710656 0 281474976710656 4 11
1 0 0 8593600336706 8611057313283 0 281474976710656 0 281474976710656 12 13
2 0 0 4841091781856 4849881129989 0 281474976710656 0 281474976710656 14 5
-1
3 0 0 4785036812720 4801803210886 0 281474976710656 0 281474976710656 1 15
4 0 0 2645339221335 2654292648201 0 281474976710656 0 281474976710656 16 6
150569046372649 150613323683564
0 195216516105777 196377890728365 0 17
173961102589770 173961102589771
81788019331802 81788019331803
218101384884806 218101384884807
158590695246746 158590695246747
101437842339644 101437842339645
124276392647921 124276392647922
86212142134126 86212142134127
180037134371011 180037134371012
195262834576529 195262834576530
206909141121903 206909141121904
215477122949499 215477122949500
109804156786616 109804156786617
115286852675876 115286852675877
119249876382091 119249876382092
122046809351175 122046809351176
83762851039411 83762851039412
85133254278538 85133254278539
36 0 1 281474976710656 281474976710656 0 281474976710656 0 281474976710656 1 2
40 0 2 107513874120885 107513874120886 0 281474976710656 0 281474976710656 3 2
20 0 0 52385625679567 52442042141511 0 281474976710656 0 281474976710656 4 5
50 0 0 30903657686864 30954804729888 0 281474976710656 0 281474976710656 1 6
30 0 3 41066645652000 41066645652001 0 281474976710656 0 281474976710656 3 7
0 0 0 19449354464438 19457238329593 0 281474976710656 0 281474976710656 8 9
46 0 0 11302198251966 11309184195044 0 281474976710656 0 281474976710656 10 2
31 0 0 20009528487665 20031077658603 0 281474976710656 0 281474976710656 4 11
1 0 0 8861294503584 8869143265763 0 281474976710656 0 281474976710656 12 13
2 0 0 4975562199877 4979494921372 0 281474976710656 0 281474976710656 14 5
-1
3 0 0 5046239235991 5054031228174 0 281474976710656 0 281474976710656 1 15
4 0 0 2784644389781 2788794197457 0 281474976710656 0 281474976710656 16 6
151862815389207 151887399887884
0 215449982173588 216132571402826 0 17
173961102589770 173961102589771
81788019331802 81788019331803
218101384884806 218101384884807
158590695246746 158590695246747
101437842339644 101437842339645
124276392647921 124276392647922
86212142134126 86212142134127
180037134371011 180037134371012
195262834576529 195262834576530
206909141121903 206909141121904
215477122949499 215477122949500
109804156786616 109804156786617
115286852675876 115286852675877
119249876382091 119249876382092
122046809351175 122046809351176
83762851039411 83762851039412
85133254278538 85133254278539
37 0 1 281474976710656 281474976710656 0 281474976710656 0 281474976710656 1 2
43 0 2 107513874120885 107513874120886 0 281474976710656 0 281474976710656 3 2
25 0 0 53352995723278 53385065188990 0 281474976710656 0 281474976710656 4 5
51 0 0 31786825918905 31816328547110 0 281474976710656 0 281474976710656 1 6
30 0 3 41066645652000 41066645652001 0 281474976710656 0 281474976710656 3 7
0 0 0 19320115753867 19324433504052 0 281474976710656 0 281474976710656 8 9
46 0 0 11187996268375 11191802010742 0 281474976710656 0 281474976710656 10 2
31 0 0 20379030964664 20391280410566 0 281474976710656 0 281474976710656 4 11
1 0 0 8995567052644 9000007138088 0 281474976710656 0 281474976710656 12 13
2 0 0 5042764012626 5044983433336 0 281474976710656 0 281474976710656 14 5
-1
3 0 0 5180604681397 5185086634083 0 281474976710656 0 281474976710656 1 15
4 0 0 2856157183259 2858540896040 0 281474976710656 0 281474976710656 16 6
148674371042876 149061692909305
1 171332594519529 180948199313994 0 17
173961102589770 173961102589771
218101384884806 218101384884807
81788019331802 81788019331803
158590695246746 158590695246747
124276392647921 124276392647922
101437842339644 101437842339645
86212142134126 86212142134127
180037134371011 180037134371012
206909141121903 206909141121904
195262834576529 195262834576530
215477122949499 215477122949500
109804156786616 109804156786617
119249876382091 119249876382092
115286852675876 115286852675877
122046809351175 122046809351176
83762851039411 83762851039412
85133254278538 85133254278539
38 0 1 281474976710656 281474976710656 0 281474976710656 0 281474976710656 1 2
30 0 2 107513874120885 107513874120886 0 281474976710656 0 281474976710656 1 3
0 0 0 51200515635692 51683416262858 0 281474976710656 0 281474976710656 4 5
46 0 0 29839432065303 30270732921647 0 281474976710656 0 281474976710656 6 2
38 0 3 41066645652000 41066645652001 0 281474976710656 0 281474976710656 7 3
15 0 0 19556856731314 19627004644565 0 281474976710656 0 281474976710656 8 9
49 0 0 11397648843952 11460156691656 0 281474976710656 0 281474976710656 1 10
39 0 0 19556856731314 19741308357703 0 281474976710656 0 281474976710656 11 5
16 0 0 8695896530085 8763412878890 0 281474976710656 0 281474976710656 12 13
17 0 0 4892556176794 4926470048384 0 281474976710656 0 281474976710656 4 14
-1
18 0 0 4883813971185 4949708756059 0 281474976710656 0 281474976710656 15 2
19 0 0 2698064298791 2733206951859 0 281474976710656 0 281474976710656 6 16
150875247165193 151064156919102
1 202310139510784 207402614418379 0 17
173961102589770 173961102589771
218101384884806 218101384884807
81788019331802 81788019331803
158590695246746 158590695246747
124276392647921 124276392647922
101437842339644 101437842339645
86212142134126 86212142134127
180037134371011 180037134371012
206909141121903 206909141121904
195262834576529 195262834576530
215477122949499 215477122949500
109804156786616 109804156786617
119249876382091 119249876382092
115286852675876 115286852675877
122046809351175 122046809351176
83762851039411 83762851039412
85133254278538 85133254278539
39 0 1 281474976710656 281474976710656 0 281474976710656 0 281474976710656 1 2
32 0 2 107513874120885 107513874120886 0 281474976710656 0 281474976710656 1 3
5 0 0 52728505486630 52972157693387 0 281474976710656 0 281474976710656 4 5
47 0 0 31215195995509 31437574198515 0 281474976710656 0 281474976710656 6 2
38 0 3 41066645652000 41066645652001 0 281474976710656 0 281474976710656 7 3
15 0 0 19376120037560 19409591526046 0 281474976710656 0 281474976710656 8 9
49 0 0 11237411168908 11266998005479 0 281474976710656 0 281474976710656 1 10
39 0 0 20140496919907 20233563781455 0 281474976710656 0 281474976710656 11 5
16 0 0 8908961932234 8942784401056 0 281474976710656 0 281474976710656 12 13
17 0 0 4999437921667 5016366432541 0 281474976710656 0 281474976710656 4 14
-1
18 0 0 5093680483237 5127515151687 0 281474976710656 0 281474976710656 15 2
19 0 0 2809905157377 2827913358885 0 281474976710656 0 281474976710656 6 16
148266687088481 148445126880978
1 162061350227347 166326122601752 0 17
173961102589770 173961102589771
218101384884806 218101384884807
81788019331802 81788019331803
158590695246746 158590695246747
124276392647921 124276392647922
101437842339644 101437842339645
86212142134126 86212142134127
180037134371011 180037134371012
206909141121903 206909141121904
195262834576529 195262834576530
215477122949499 215477122949500
109804156786616 109804156786617
119249876382091 119249876382092
115286852675876 115286852675877
122046809351175 122046809351176
83762851039411 83762851039412
85133254278538 85133254278539
40 0 1 281474976710656 281474976710656 0 281474976710656 0 281474976710656 1 2
30 0 2 107513874120885 107513874120886 0 281474976710656 0 281474976710656 1 3
0 0 0 50727340828432 50945934654368 0 281474976710656 0 281474976710656 4 5
46 0 0 29419924385760 29613344329247 0 281474976710656 0 281474976710656 6 2
38 0 3 41066645652000 41066645652001 0 281474976710656 0 281474976710656 7 3
15 0 0 19664541121437 19697083599631 0 281474976710656 0 281474976710656 8 9
49 0 0 11493677722594 11522780107254 0 281474976710656 0 281474976710656 1 10
39 0 0 19376120037560 19459615449338 0 281474976710656 0 281474976710656 11 5
16 0 0 8629576943071 8660234918175 0 281474976710656 0 281474976710656 12 13
17 0 0 4859202407261 4874626134643 0 281474976710656 0 281474976710656 4 14
-1
18 0 0 4819630637221 4849234388766 0 281474976710656 0 281474976710656 15 2
19 0 0 2663810924945 2679612748775 0 281474976710656 0 281474976710656 6 16
150686990932366 150767307066983
1 197631366626630 199756435084982 0 17
173961102589770 173961102589771
218101384884806 218101384884807
81788019331802 81788019331803
158590695246746 158590695246747
124276392647921 124276392647922
101437842339644 101437842339645
86212142134126 86212142134127
180037134371011 180037134371012
206909141121903 206909141121904
195262834576529 195262834576530
215477122949499 215477122949500
109804156786616 109804156786617
119249876382091 119249876382092
115286852675876 115286852675877
122046809351175 122046809351176
83762851039411 83762851039412
85133254278538 85133254278539
41 0 1 281474976710656 281474976710656 0 281474976710656 0 281474976710656 1 2
32 0 2 107513874120885 107513874120886 0 281474976710656 0 281474976710656 1 3
5 0 0 52502809231656 52605538466963 0 281474976710656 0 281474976710656 4 5
47 0 0 31009945606145 31103280494826 0 281474976710656 0 281474976710656 6 2
38 0 3 41066645652000 41066645652001 0 281474976710656 0 281474976710656 7 3
15 0 0 19426605400741 19440882189283 0 281474976710656 0 281474976710656 8 9
49 0 0 11282052650105 11294693398680 0 281474976710656 0 281474976710656 1 10
39 0 0 20054288621640 20093527697890 0 281474976710656 0 281474976710656 11 5
16 0 0 8877594780803 8891876486512 0 281474976710656 0 281474976710656 12 13
17 0 0 4983729031757 4990882520683 0 281474976710656 0 281474976710656 4 14
-1
18 0 0 5062430211322 5076643432324 0 281474976710656 0 281474976710656 15 2
19 0 0 2793266897570 2800834961806 0 281474976710656 0 281474976710656 6 16
151930238251496 151975713139954
1 216874162383620 218143106950759 0 17
173961102589770 173961102589771
218101384884806 218101384884807
81788019331802 81788019331803
158590695246746 158590695246747
124276392647921 124276392647922
101437842339644 101437842339645
86212142134126 86212142134127
180037134371011 180037134371012
206909141121903 206909141121904
195262834576529 195262834576530
215477122949499 215477122949500
109804156786616 109804156786617
119249876382091 119249876382092
115286852675876 115286852675877
122046809351175 122046809351176
83762851039411 83762851039412
85133254278538 85133254278539
42 0 1 281474976710656 281474976710656 0 281474976710656 0 281474976710656 1 2
35 0 2 107513874120885 107513874120886 0 281474976710656 0 281474976710656 1 3
10 0 0 53419865550942 53479313691508 0 281474976710656 0 281474976710656 4 5
48 0 0 31848359856287 31903117149904 0 281474976710656 0 281474976710656 6 2
38 0 3 41066645652000 41066645652001 0 281474976710656 0 281474976710656 7 3
15 0 0 19307457211956 19315436357047 0 281474976710656 0 281474976710656 8 9
49 0 0 11176842639999 11183872516017 0 281474976710656 0 281474976710656 1 10
39 0 0 20404572966010 20427280135139 0 281474976710656 0 281474976710656 11 5
16 0 0 9004824512586 9013051903785 0 281474976710656 0 281474976710656 12 13
17 0 0 5047391244524 5051502959977 0 281474976710656 0 281474976710656 4 14
-1
18 0 0 5189952257590 5198268852180 0 281474976710656 0 281474976710656 15 2
19 0 0 2861128539431 2865551185996 0 281474976710656 0 281474976710656 6 16
148009681308109 148112009886104
1 157102312582691 159502486802706 0 17
173961102589770 173961102589771
218101384884806 218101384884807
81788019331802 81788019331803
158590695246746 158590695246747
124276392647921 124276392647922
101437842339644 101437842339645
86212142134126 86212142134127
180037134371011 180037134371012
206909141121903 206909141121904
195262834576529 195262834576530
215477122949499 215477122949500
109804156786616 109804156786617
119249876382091 119249876382092
115286852675876 115286852675877
122046809351175 122046809351176
83762851039411 83762851039412
85133254278538 85133254278539
43 0 1 281474976710656 281474976710656 0 281474976710656 0 281474976710656 1 2
30 0 2 107513874120885 107513874120886 0 281474976710656 0 281474976710656 1 3
0 0 0 50471139885164 50595414102555 0 281474976710656 0 281474976710656 4 5
46 0 0 29194059198515 29303506737138 0 281474976710656 0 281474976710656 6 2
38 0 3 41066645652000 41066645652001 0 281474976710656 0 281474976710656 7 3
15 0 0 19716865133890 19735597547368 0 281474976710656 0 281474976710656 8 9
49 0 0 11540489197894 11557272109450 0 281474976710656 0 281474976710656 1 10
39 0 0 19278259985182 19325728512301 0 281474976710656 0 281474976710656 11 5
16 0 0 8593600336706 8611057313283 0 281474976710656 0 281474976710656 12 13
17 0 0 4841091781856 4849881129989 0 281474976710656 0 281474976710656 4 14
-1
18 0 0 4785036812720 4801803210886 0 281474976710656 0 281474976710656 15 2
19 0 0 2645339221335 2654292648201 0 281474976710656 0 281474976710656 6 16
150569046372649 150613323683564
1 195216516105777 196377890728365 0 17
173961102589770 173961102589771
218101384884806 218101384884807
81788019331802 81788019331803
158590695246746 158590695246747
124276392647921 124276392647922
101437842339644 101437842339645
86212142134126 86212142134127
180037134371011 180037134371012
206909141121903 206909141121904
195262834576529 195262834576530
215477122949499 215477122949500
109804156786616 109804156786617
119249876382091 119249876382092
115286852675876 115286852675877
122046809351175 122046809351176
83762851039411 83762851039412
85133254278538 85133254278539
44 0 1 281474976710656 281474976710656 0 281474976710656 0 281474976710656 1 2
32 0 2 107513874120885 107513874120886 0 281474976710656 0 281474976710656 1 3
5 0 0 52385625679567 52442042141511 0 281474976710656 0 281474976710656 4 5
47 0 0 30903657686864 30954804729888 0 281474976710656 0 281474976710656 6 2
38 0 3 41066645652000 41066645652001 0 281474976710656 0 281474976710656 7 3
15 0 0 19449354464438 19457238329593 0 281474976710656 0 281474976710656 8 9
49 0 0 11302198251966 11309184195044 0 281474976710656 0 281474976710656 1 10
39 0 0 20009528487665 20031077658603 0 281474976710656 0 281474976710656 11 5
16 0 0 8861294503584 8869143265763 0 281474976710656 0 281474976710656 12 13
17 0 0 4975562199877 4979494921372 0 281474976710656 0 281474976710656 4 14
-1
18 0 0 5046239235991 5054031228174 0 281474976710656 0 281474976710656 15 2
19 0 0 2784644389781 2788794197457 0 281474976710656 0 281474976710656 6 16
151862815389207 151887399887884
1 215449982173588 216132571402826 0 17
173961102589770 173961102589771
218101384884806 218101384884807
81788019331802 81788019331803
158590695246746 158590695246747
124276392647921 124276392647922
101437842339644 101437842339645
86212142134126 86212142134127
180037134371011 180037134371012
206909141121903 206909141121904
195262834576529 195262834576530
215477122949499 215477122949500
109804156786616 109804156786617
119249876382091 119249876382092
115286852675876 115286852675877
122046809351175 122046809351176
83762851039411 83762851039412
85133254278538 85133254278539
45 0 1 281474976710656 281474976710656 0 281474976710656 0 281474976710656 1 2
35 0 2 107513874120885 107513874120886 0 281474976710656 0 281474976710656 1 3
10 0 0 53352995723278 53385065188990 0 281474976710656 0 281474976710656 4 5
48 0 0 31786825918905 31816328547110 0 281474976710656 0 281474976710656 6 2
38 0 3 41066645652000 41066645652001 0 281474976710656 0 281474976710656 7 3
15 0 0 19320115753867 19324433504052 0 281474976710656 0 281474976710656 8 9
49 0 0 11187996268375 11191802010742 0 281474976710656 0 281474976710656 1 10
39 0 0 20379030964664 20391280410566 0 281474976710656 0 281474976710656 11 5
16 0 0 8995567052644 9000007138088 0 281474976710656 0 281474976710656 12 13
17 0 0 5042764012626 5044983433336 0 281474976710656 0 281474976710656 4 14
-1
18 0 0 5180604681397 5185086634083 0 281474976710656 0 281474976710656 15 2
19 0 0 2856157183259 2858540896040 0 281474976710656 0 281474976710656 6 16
56545108160961 56596271339809
0 77267640665670 79164837199872 0 13
173961102589770 173961102589771
74565835588752 74565835588753
124276392647921 124276392647922
101437842339644 101437842339645
86212142134126 86212142134127
109804156786616 109804156786617
115286852675876 115286852675877
119249876382091 119249876382092
122046809351175 122046809351176
78989958391076 78989958391077
81788019331802 81788019331803
83762851039411 83762851039412
85133254278538 85133254278539
46 0 1 281474976710656 281474976710656 0 281474976710656 0 281474976710656 1 2
-1
18 0 0 46025286551285 46138429890502 0 281474976710656 0 281474976710656 3 2
19 0 0 25414956588963 25507893359289 0 281474976710656 0 281474976710656 1 4
-1
-1
-1
36 0 0 17580095120637 17623312030618 0 281474976710656 0 281474976710656 3 5
11 0 0 7961485215022 7977760206942 0 281474976710656 0 281474976710656 6 7
12 0 0 4520882406781 4529175218048 0 281474976710656 0 281474976710656 8 2
37 0 0 9707649594380 9743148281841 0 281474976710656 0 281474976710656 1 9
13 0 0 4202235770393 4216661193232 0 281474976710656 0 281474976710656 10 11
14 0 0 2333100693147 2340853636894 0 281474976710656 0 281474976710656 12 4
56382460728697 56407081106653
0 75324289542288 76232806192470 0 13
173961102589770 173961102589771
74565835588752 74565835588753
124276392647921 124276392647922
101437842339644 101437842339645
86212142134126 86212142134127
109804156786616 109804156786617
115286852675876 115286852675877
119249876382091 119249876382092
122046809351175 122046809351176
78989958391076 78989958391077
81788019331802 81788019331803
83762851039411 83762851039412
85133254278538 85133254278539
47 0 1 281474976710656 281474976710656 0 281474976710656 0 281474976710656 1 2
-1
18 0 0 45908987722494 45963408302491 0 281474976710656 0 281474976710656 3 2
19 0 0 25319601372721 25364199769797 0 281474976710656 0 281474976710656 1 4
-1
-1
-1
36 0 0 17535672920891 17556459732763 0 281474976710656 0 281474976710656 3 5
11 0 0 7944745802161 7952580130054 0 281474976710656 0 281474976710656 6 7
12 0 0 4512350232697 4516343777914 0 281474976710656 0 281474976710656 8 2
37 0 0 9671227142781 9688262214620 0 281474976710656 0 281474976710656 1 9
13 0 0 4187429936882 4194355377919 0 281474976710656 0 281474976710656 10 11
14 0 0 2325141973277 2328864838343 0 281474976710656 0 281474976710656 12 4
56291106624436 56305549502211
0 74235158692920 74766790688768 0 13
173961102589770 173961102589771
74565835588752 74565835588753
124276392647921 124276392647922
101437842339644 101437842339645
86212142134126 86212142134127
109804156786616 109804156786617
115286852675876 115286852675877
119249876382091 119249876382092
122046809351175 122046809351176
78989958391076 78989958391077
81788019331802 81788019331803
83762851039411 83762851039412
85133254278538 85133254278539
48 0 1 281474976710656 281474976710656 0 281474976710656 0 281474976710656 1 2
-1
18 0 0 45843630245396 45875548959784 0 281474976710656 0 281474976710656 3 2
19 0 0 25266090878977 25292216937895 0 281474976710656 0 281474976710656 1 4
-1
-1
-1
36 0 0 17510708586058 17522900450078 0 281474976710656 0 281474976710656 3 5
11 0 0 7935333916606 7939930833180 0 281474976710656 0 281474976710656 6 7
12 0 0 4507551727947 4509895504151 0 281474976710656 0 281474976710656 8 2
37 0 0 9650787952925 9660767219441 0 281474976710656 0 281474976710656 1 9
13 0 0 4179119112230 4183177004927 0 281474976710656 0 281474976710656 10 11
14 0 0 2320673988118 2322855606084 0 281474976710656 0 281474976710656 12 4
56545108160961 56596271339809
1 77267640665670 79164837199872 0 13
173961102589770 173961102589771
124276392647921 124276392647922
74565835588752 74565835588753
101437842339644 101437842339645
86212142134126 86212142134127
109804156786616 109804156786617
119249876382091 119249876382092
115286852675876 115286852675877
122046809351175 122046809351176
78989958391076 78989958391077
83762851039411 83762851039412
81788019331802 81788019331803
85133254278538 85133254278539
49 0 1 281474976710656 281474976710656 0 281474976710656 0 281474976710656 1 2
-1
3 0 0 46025286551285 46138429890502 0 281474976710656 0 281474976710656 1 3
4 0 0 25414956588963 25507893359289 0 281474976710656 0 281474976710656 4 2
-1
-1
-1
44 0 0 17580095120637 17623312030618 0 281474976710656 0 281474976710656 5 3
26 0 0 7961485215022 7977760206942 0 281474976710656 0 281474976710656 6 7
27 0 0 4520882406781 4529175218048 0 281474976710656 0 281474976710656 1 8
45 0 0 9707649594380 9743148281841 0 281474976710656 0 281474976710656 9 2
28 0 0 4202235770393 4216661193232 0 281474976710656 0 281474976710656 10 11
29 0 0 2333100693147 2340853636894 0 281474976710656 0 281474976710656 4 12
56382460728697 56407081106653
1 75324289542288 76232806192470 0 13
173961102589770 173961102589771
124276392647921 124276392647922
74565835588752 74565835588753
101437842339644 101437842339645
86212142134126 86212142134127
109804156786616 109804156786617
119249876382091 119249876382092
115286852675876 115286852675877
122046809351175 122046809351176
78989958391076 78989958391077
83762851039411 83762851039412
81788019331802 81788019331803
85133254278538 85133254278539
50 0 1 281474976710656 281474976710656 0 281474976710656 0 281474976710656 1 2
-1
3 0 0 45908987722494 45963408302491 0 281474976710656 0 281474976710656 1 3
4 0 0 25319601372721 25364199769797 0 281474976710656 0 281474976710656 4 2
-1
-1
-1
44 0 0 17535672920891 17556459732763 0 281474976710656 0 281474976710656 5 3
26 0 0 7944745802161 7952580130054 0 281474976710656 0 281474976710656 6 7
27 0 0 4512350232697 4516343777914 0 281474976710656 0 281474976710656 1 8
45 0 0 9671227142781 9688262214620 0 281474976710656 0 281474976710656 9 2
28 0 0 4187429936882 4194355377919 0 281474976710656 0 281474976710656 10 11
29 0 0 2325141973277 2328864838343 0 281474976710656 0 281474976710656 4 12
56291106624436 56305549502211
1 74235158692920 74766790688768 0 13
173961102589770 173961102589771
124276392647921 124276392647922
74565835588752 74565835588753
101437842339644 101437842339645
86212142134126 86212142134127
109804156786616 109804156786617
119249876382091 119249876382092
115286852675876 115286852675877
122046809351175 122046809351176
78989958391076 78989958391077
83762851039411 83762851039412
81788019331802 81788019331803
85133254278538 85133254278539
51 0 1 281474976710656 281474976710656 0 281474976710656 0 281474976710656 1 2
-1
3 0 0 45843630245396 45875548959784 0 281474976710656 0 281474976710656 1 3
4 0 0 25266090878977 25292216937895 0 281474976710656 0 281474976710656 4 2
-1
-1
-1
44 0 0 17510708586058 17522900450078 0 281474976710656 0 281474976710656 5 3
26 0 0 7935333916606 7939930833180 0 281474976710656 0 281474976710656 6 7
27 0 0 4507551727947 4509895504151 0 281474976710656 0 281474976710656 1 8
45 0 0 9650787952925 9660767219441 0 281474976710656 0 281474976710656 9 2
28 0 0 4179119112230 4183177004927 0 281474976710656 0 281474976710656 10 11
29 0 0 2320673988118 2322855606084 0 281474976710656 0 281474976710656 4 12
