BERSTEIN_T_GRAPH_V1 26 13 -30 30 5 37 13198
0 1 0
0 2 0
0 3 0
0 4 0
0 5 0
0 6 0
0 7 0
0 8 0
0 9 0
0 10 0
0 11 0
0 12 0
1 0 0
1 1 0
1 2 0
1 3 0
2 0 0
2 1 0
2 2 0
2 3 0
3 0 0
3 1 0
3 2 0
3 3 0
4 0 0
5 0 0
5 5 0
5 7 0
6 0 0
7 0 0
7 5 0
7 7 0
8 0 0
9 0 0
10 0 0
11 0 0
12 0 0
16130923705767 16130923705768
17744016076344 17744016076345
19518417683978 19518417683979
21470259452376 21470259452377
23617285397614 23617285397615
25979013937375 25979013937376
28576915331113 28576915331114
31434606864224 31434606864225
34578067550647 34578067550648
38035874305712 38035874305713
41839461736283 41839461736284
46023407909911 46023407909912
50625748700902 50625748700903
55688323570993 55688323570994
61257155928092 61257155928093
67382871520901 67382871520902
74121158672991 74121158672992
81533274540290 81533274540291
89686601994319 89686601994320
98655262193751 98655262193752
108520788413127 108520788413128
119372867254439 119372867254440
131310153979883 131310153979884
144441169377872 144441169377873
158885286315659 158885286315660
174773814947225 174773814947226
192251196441947 192251196441948
211476316086142 211476316086143
232623947694757 232623947694758
255886342464232 255886342464233
281474976710656 281474976710656
309622474381721 309622474381722
340584721819893 340584721819894
374643194001883 374643194001884
412107513402071 412107513402072
453318264742278 453318264742279
498650091216506 498650091216507
548515100338157 548515100338158
603366610371972 603366610371973
663703271409170 663703271409171
730073598550087 730073598550088
803080958405095 803080958405096
883389054245605 883389054245606
971727959670165 971727959670166
1068900755637182 1068900755637183
1175790831200900 1175790831200901
1293369914320990 1293369914320991
1422706905753089 1422706905753090
1564977596328398 1564977596328399
1721475355961238 1721475355961239
1893622891557362 1893622891557363
2082985180713098 2082985180713099
2291283698784408 2291283698784409
2520412068662849 2520412068662850
2772453275529134 2772453275529135
3049698603082048 3049698603082049
3354668463390253 3354668463390254
3690135309729278 3690135309729279
4059148840702206 4059148840702207
4465063724772426 4465063724772427
4911570097249669 4911570097249670
5402727106974636 5402727106974637
281474976710656 281474976710656
0 100526777396662 110142382191127 0 26
103026992005733 103026992005734
74565835588752 74565835588753
218101384884806 218101384884807
206053984011466 206053984011467
158590695246746 158590695246747
162509653574040 162509653574041
101437842339644 101437842339645
124276392647921 124276392647922
118965323136615 118965323136616
86212142134126 86212142134127
180037134371011 180037134371012
178447984704922 178447984704923
195262834576529 195262834576530
206909141121903 206909141121904
197852620089641 197852620089642
215477122949499 215477122949500
109804156786616 109804156786617
109210990867437 109210990867438
115286852675876 115286852675877
119249876382091 119249876382092
116184759658385 116184759658386
122046809351175 122046809351176
78989958391076 78989958391077
81788019331802 81788019331803
83762851039411 83762851039412
85133254278538 85133254278539
0 0 1 281474976710656 281474976710656 0 281474976710656 0 281474976710656 1 2 0 3
20 0 0 81594278728711 82450846597281 0 281474976710656 0 281474976710656 4 2 5 3
8 0 2 37710496349594 37710496349595 0 281474976710656 0 281474976710656 6 7 0 8
11 0 0 21521729131903 21637321740941 0 281474976710656 0 281474976710656 1 9 -1 -1
14 0 0 43726242184716 44185275522008 0 281474976710656 0 281474976710656 4 10 5 11
0 0 0 19971634349662 20294339696767 0 281474976710656 0 281474976710656 12 13 14 3
24 0 0 11390016159892 11607171557660 0 281474976710656 0 281474976710656 15 2 -1 -1
15 0 3 20208994086101 20208994086102 0 281474976710656 0 281474976710656 6 16 0 17
1 0 0 8299122429156 8319341039741 0 281474976710656 0 281474976710656 18 19 20 8
4 0 0 4492472861504 4508591759762 0 281474976710656 0 281474976710656 21 7 -1 -1
18 0 0 11533459881229 11595405773715 0 281474976710656 0 281474976710656 1 22 -1 -1
5 0 0 4499640064237 4517677901950 0 281474976710656 0 281474976710656 23 24 -1 -1
6 0 0 2378626134886 2386692063542 0 281474976710656 0 281474976710656 25 9 -1 -1
281474976710656 281474976710656
0 115148854108904 119413626483309 0 26
103026992005733 103026992005734
74565835588752 74565835588753
218101384884806 218101384884807
206053984011466 206053984011467
158590695246746 158590695246747
162509653574040 162509653574041
101437842339644 101437842339645
124276392647921 124276392647922
118965323136615 118965323136616
86212142134126 86212142134127
180037134371011 180037134371012
178447984704922 178447984704923
195262834576529 195262834576530
206909141121903 206909141121904
197852620089641 197852620089642
215477122949499 215477122949500
109804156786616 109804156786617
109210990867437 109210990867438
115286852675876 115286852675877
119249876382091 119249876382092
116184759658385 116184759658386
122046809351175 122046809351176
78989958391076 78989958391077
81788019331802 81788019331803
83762851039411 83762851039412
85133254278538 85133254278539
1 0 1 281474976710656 281474976710656 0 281474976710656 0 281474976710656 1 2 0 3
20 0 0 80798127722727 81160830740613 0 281474976710656 0 281474976710656 4 2 5 3
8 0 2 37710496349594 37710496349595 0 281474976710656 0 281474976710656 6 7 0 8
11 0 0 21696871846471 21747261504339 0 281474976710656 0 281474976710656 1 9 -1 -1
14 0 0 43299586146503 43493958107973 0 281474976710656 0 281474976710656 4 10 5 11
0 0 0 19674108268856 19809364410347 0 281474976710656 0 281474976710656 12 13 14 3
24 0 0 11190629853789 11281173106030 0 281474976710656 0 281474976710656 15 2 -1 -1
15 0 3 20208994086101 20208994086102 0 281474976710656 0 281474976710656 6 16 0 17
1 0 0 8280109856457 8288798001074 0 281474976710656 0 281474976710656 18 19 20 8
4 0 0 4477340769513 4484252614316 0 281474976710656 0 281474976710656 21 7 -1 -1
18 0 0 11627318579087 11654322315352 0 281474976710656 0 281474976710656 1 22 -1 -1
5 0 0 4526956203592 4534799681946 0 281474976710656 0 281474976710656 23 24 -1 -1
6 0 0 2390838118307 2394341483388 0 281474976710656 0 281474976710656 25 9 -1 -1
281474976710656 281474976710656
0 100526777396662 110142382191127 0 19
103026992005733 103026992005734
74565835588752 74565835588753
218101384884806 218101384884807
158590695246746 158590695246747
101437842339644 101437842339645
124276392647921 124276392647922
86212142134126 86212142134127
180037134371011 180037134371012
195262834576529 195262834576530
206909141121903 206909141121904
215477122949499 215477122949500
109804156786616 109804156786617
115286852675876 115286852675877
119249876382091 119249876382092
122046809351175 122046809351176
78989958391076 78989958391077
81788019331802 81788019331803
83762851039411 83762851039412
85133254278538 85133254278539
2 0 1 281474976710656 281474976710656 0 281474976710656 0 281474976710656 1 2 -1 -1
22 0 0 81594278728711 82450846597281 0 281474976710656 0 281474976710656 3 2 -1 -1
10 0 2 37710496349594 37710496349595 0 281474976710656 0 281474976710656 4 5 -1 -1
11 0 0 21521729131903 21637321740941 0 281474976710656 0 281474976710656 1 6 -1 -1
16 0 0 43726242184716 44185275522008 0 281474976710656 0 281474976710656 3 7 -1 -1
2 0 0 19971634349662 20294339696767 0 281474976710656 0 281474976710656 8 9 -1 -1
24 0 0 11390016159892 11607171557660 0 281474976710656 0 281474976710656 10 2 -1 -1
17 0 3 20208994086101 20208994086102 0 281474976710656 0 281474976710656 4 11 -1 -1
3 0 0 8299122429156 8319341039741 0 281474976710656 0 281474976710656 12 13 -1 -1
4 0 0 4492472861504 4508591759762 0 281474976710656 0 281474976710656 14 5 -1 -1
18 0 0 11533459881229 11595405773715 0 281474976710656 0 281474976710656 1 15 -1 -1
5 0 0 4499640064237 4517677901950 0 281474976710656 0 281474976710656 16 17 -1 -1
6 0 0 2378626134886 2386692063542 0 281474976710656 0 281474976710656 18 6 -1 -1
281474976710656 281474976710656
0 115148854108904 119413626483309 0 19
103026992005733 103026992005734
74565835588752 74565835588753
218101384884806 218101384884807
158590695246746 158590695246747
101437842339644 101437842339645
124276392647921 124276392647922
86212142134126 86212142134127
180037134371011 180037134371012
195262834576529 195262834576530
206909141121903 206909141121904
215477122949499 215477122949500
109804156786616 109804156786617
115286852675876 115286852675877
119249876382091 119249876382092
122046809351175 122046809351176
78989958391076 78989958391077
81788019331802 81788019331803
83762851039411 83762851039412
85133254278538 85133254278539
3 0 1 281474976710656 281474976710656 0 281474976710656 0 281474976710656 1 2 -1 -1
22 0 0 80798127722727 81160830740613 0 281474976710656 0 281474976710656 3 2 -1 -1
10 0 2 37710496349594 37710496349595 0 281474976710656 0 281474976710656 4 5 -1 -1
11 0 0 21696871846471 21747261504339 0 281474976710656 0 281474976710656 1 6 -1 -1
16 0 0 43299586146503 43493958107973 0 281474976710656 0 281474976710656 3 7 -1 -1
2 0 0 19674108268856 19809364410347 0 281474976710656 0 281474976710656 8 9 -1 -1
24 0 0 11190629853789 11281173106030 0 281474976710656 0 281474976710656 10 2 -1 -1
17 0 3 20208994086101 20208994086102 0 281474976710656 0 281474976710656 4 11 -1 -1
3 0 0 8280109856457 8288798001074 0 281474976710656 0 281474976710656 12 13 -1 -1
4 0 0 4477340769513 4484252614316 0 281474976710656 0 281474976710656 14 5 -1 -1
18 0 0 11627318579087 11654322315352 0 281474976710656 0 281474976710656 1 15 -1 -1
5 0 0 4526956203592 4534799681946 0 281474976710656 0 281474976710656 16 17 -1 -1
6 0 0 2390838118307 2394341483388 0 281474976710656 0 281474976710656 18 6 -1 -1
281474976710656 281474976710656
0 81718541625674 83843610084026 0 19
103026992005733 103026992005734
74565835588752 74565835588753
218101384884806 218101384884807
158590695246746 158590695246747
101437842339644 101437842339645
124276392647921 124276392647922
86212142134126 86212142134127
180037134371011 180037134371012
195262834576529 195262834576530
206909141121903 206909141121904
215477122949499 215477122949500
109804156786616 109804156786617
115286852675876 115286852675877
119249876382091 119249876382092
122046809351175 122046809351176
78989958391076 78989958391077
81788019331802 81788019331803
83762851039411 83762851039412
85133254278538 85133254278539
4 0 1 281474976710656 281474976710656 0 281474976710656 0 281474976710656 1 2 -1 -1
23 0 0 84016828331178 84223987384647 0 281474976710656 0 281474976710656 3 2 -1 -1
12 0 2 37710496349594 37710496349595 0 281474976710656 0 281474976710656 4 5 -1 -1
13 0 0 21290885114330 21317287705030 0 281474976710656 0 281474976710656 1 6 -1 -1
16 0 0 45024482603926 45135498806090 0 281474976710656 0 281474976710656 3 7 -1 -1
2 0 0 20891333968311 20970992709534 0 281474976710656 0 281474976710656 8 9 -1 -1
24 0 0 12011350775143 12065521489431 0 281474976710656 0 281474976710656 10 2 -1 -1
17 0 3 20208994086101 20208994086102 0 281474976710656 0 281474976710656 4 11 -1 -1
3 0 0 8355686957101 8360436500263 0 281474976710656 0 281474976710656 12 13 -1 -1
4 0 0 4537637715045 4541439968401 0 281474976710656 0 281474976710656 14 5 -1 -1
18 0 0 11409750945057 11423900050770 0 281474976710656 0 281474976710656 1 15 -1 -1
5 0 0 4463507349543 4467647479283 0 281474976710656 0 281474976710656 16 17 -1 -1
6 0 0 2362446313203 2364301740884 0 281474976710656 0 281474976710656 18 6 -1 -1
281474976710656 281474976710656
0 121972489907950 124372664127965 0 19
103026992005733 103026992005734
74565835588752 74565835588753
218101384884806 218101384884807
158590695246746 158590695246747
101437842339644 101437842339645
124276392647921 124276392647922
86212142134126 86212142134127
180037134371011 180037134371012
195262834576529 195262834576530
206909141121903 206909141121904
215477122949499 215477122949500
109804156786616 109804156786617
115286852675876 115286852675877
119249876382091 119249876382092
122046809351175 122046809351176
78989958391076 78989958391077
81788019331802 81788019331803
83762851039411 83762851039412
85133254278538 85133254278539
5 0 1 281474976710656 281474976710656 0 281474976710656 0 281474976710656 1 2 -1 -1
22 0 0 80383735278774 80583326187378 0 281474976710656 0 281474976710656 3 2 -1 -1
10 0 2 37710496349594 37710496349595 0 281474976710656 0 281474976710656 4 5 -1 -1
11 0 0 21777347168926 21805466723426 0 281474976710656 0 281474976710656 1 6 -1 -1
16 0 0 43077513905089 43184474350644 0 281474976710656 0 281474976710656 3 7 -1 -1
2 0 0 19520164825560 19594233017890 0 281474976710656 0 281474976710656 8 9 -1 -1
24 0 0 11087776533969 11137236737546 0 281474976710656 0 281474976710656 10 2 -1 -1
17 0 3 20208994086101 20208994086102 0 281474976710656 0 281474976710656 4 11 -1 -1
3 0 0 8270128561898 8274943379503 0 281474976710656 0 281474976710656 12 13 -1 -1
4 0 0 4469406478526 4473233011002 0 281474976710656 0 281474976710656 14 5 -1 -1
18 0 0 11670445174412 11685514398252 0 281474976710656 0 281474976710656 1 15 -1 -1
5 0 0 4539479412554 4543851094532 0 281474976710656 0 281474976710656 16 17 -1 -1
6 0 0 2396431062476 2398382642308 0 281474976710656 0 281474976710656 18 6 -1 -1
281474976710656 281474976710656
0 85097085982291 86258460604879 0 19
103026992005733 103026992005734
74565835588752 74565835588753
218101384884806 218101384884807
158590695246746 158590695246747
101437842339644 101437842339645
124276392647921 124276392647922
86212142134126 86212142134127
180037134371011 180037134371012
195262834576529 195262834576530
206909141121903 206909141121904
215477122949499 215477122949500
109804156786616 109804156786617
115286852675876 115286852675877
119249876382091 119249876382092
122046809351175 122046809351176
78989958391076 78989958391077
81788019331802 81788019331803
83762851039411 83762851039412
85133254278538 85133254278539
6 0 1 281474976710656 281474976710656 0 281474976710656 0 281474976710656 1 2 -1 -1
23 0 0 83783588795015 83895474736268 0 281474976710656 0 281474976710656 3 2 -1 -1
12 0 2 37710496349594 37710496349595 0 281474976710656 0 281474976710656 4 5 -1 -1
13 0 0 21332822631888 21347190560703 0 281474976710656 0 281474976710656 1 6 -1 -1
16 0 0 44899489913211 44959449408418 0 281474976710656 0 281474976710656 3 7 -1 -1
2 0 0 20801838427265 20844744449104 0 281474976710656 0 281474976710656 8 9 -1 -1
24 0 0 11950557987380 11979694424862 0 281474976710656 0 281474976710656 10 2 -1 -1
17 0 3 20208994086101 20208994086102 0 281474976710656 0 281474976710656 4 11 -1 -1
3 0 0 8350323269813 8352898398670 0 281474976710656 0 281474976710656 12 13 -1 -1
4 0 0 4533345654354 4535406046348 0 281474976710656 0 281474976710656 14 5 -1 -1
18 0 0 11432225192981 11439924942828 0 281474976710656 0 281474976710656 1 15 -1 -1
5 0 0 4470082569972 4472334137723 0 281474976710656 0 281474976710656 16 17 -1 -1
6 0 0 2365392858970 2366401622306 0 281474976710656 0 281474976710656 18 6 -1 -1
281474976710656 281474976710656
1 100526777396662 110142382191127 0 26
206053984011466 206053984011467
218101384884806 218101384884807
74565835588752 74565835588753
103026992005733 103026992005734
158590695246746 158590695246747
162509653574040 162509653574041
124276392647921 124276392647922
101437842339644 101437842339645
118965323136615 118965323136616
86212142134126 86212142134127
180037134371011 180037134371012
178447984704922 178447984704923
206909141121903 206909141121904
195262834576529 195262834576530
197852620089641 197852620089642
215477122949499 215477122949500
109804156786616 109804156786617
109210990867437 109210990867438
119249876382091 119249876382092
115286852675876 115286852675877
116184759658385 116184759658386
122046809351175 122046809351176
78989958391076 78989958391077
83762851039411 83762851039412
81788019331802 81788019331803
85133254278538 85133254278539
7 0 1 281474976710656 281474976710656 0 281474976710656 0 281474976710656 1 2 0 3
15 0 4 150841985398378 150841985398379 0 281474976710656 0 281474976710656 1 4 0 5
1 0 0 60398848681383 61270489448639 0 281474976710656 0 281474976710656 6 7 8 3
4 0 0 32311140374975 32996672069305 0 281474976710656 0 281474976710656 9 2 -1 -1
19 0 0 39895322208896 40065304639140 0 281474976710656 0 281474976710656 10 4 11 5
7 0 3 20208994086101 20208994086102 0 281474976710656 0 281474976710656 12 13 0 14
25 0 0 12148094522907 12176615349358 0 281474976710656 0 281474976710656 1 15 -1 -1
20 0 0 17337647371335 17619280195296 0 281474976710656 0 281474976710656 16 7 17 3
8 0 0 8091911363973 8208689083812 0 281474976710656 0 281474976710656 18 19 8 20
11 0 0 4666523369802 4729488525830 0 281474976710656 0 281474976710656 6 21 -1 -1
23 0 0 9644479114246 9858728322660 0 281474976710656 0 281474976710656 22 2 -1 -1
12 0 0 4328871985001 4420715816943 0 281474976710656 0 281474976710656 23 24 -1 -1
13 0 0 2447059001479 2497748259373 0 281474976710656 0 281474976710656 9 25 -1 -1
281474976710656 281474976710656
1 115148854108904 119413626483309 0 26
206053984011466 206053984011467
218101384884806 218101384884807
74565835588752 74565835588753
103026992005733 103026992005734
158590695246746 158590695246747
162509653574040 162509653574041
124276392647921 124276392647922
101437842339644 101437842339645
118965323136615 118965323136616
86212142134126 86212142134127
180037134371011 180037134371012
178447984704922 178447984704923
206909141121903 206909141121904
195262834576529 195262834576530
197852620089641 197852620089642
215477122949499 215477122949500
109804156786616 109804156786617
109210990867437 109210990867438
119249876382091 119249876382092
115286852675876 115286852675877
116184759658385 116184759658386
122046809351175 122046809351176
78989958391076 78989958391077
83762851039411 83762851039412
81788019331802 81788019331803
85133254278538 85133254278539
8 0 1 281474976710656 281474976710656 0 281474976710656 0 281474976710656 1 2 0 3
15 0 4 150841985398378 150841985398379 0 281474976710656 0 281474976710656 1 4 0 5
1 0 0 61718233825479 62096406891608 0 281474976710656 0 281474976710656 6 7 8 3
4 0 0 33351486555225 33652587036035 0 281474976710656 0 281474976710656 9 2 -1 -1
19 0 0 40151631473837 40224030542085 0 281474976710656 0 281474976710656 10 4 11 5
7 0 3 20208994086101 20208994086102 0 281474976710656 0 281474976710656 12 13 0 14
25 0 0 12121715341488 12133717513046 0 281474976710656 0 281474976710656 1 15 -1 -1
20 0 0 17764242170409 17886834174184 0 281474976710656 0 281474976710656 16 7 17 3
8 0 0 8268675455906 8319341039741 0 281474976710656 0 281474976710656 18 19 8 20
11 0 0 4761798581627 4789070433792 0 281474976710656 0 281474976710656 6 21 -1 -1
23 0 0 9969741431586 10064014109879 0 281474976710656 0 281474976710656 22 2 -1 -1
12 0 0 4468251944425 4508591759762 0 281474976710656 0 281474976710656 23 24 -1 -1
13 0 0 2523969151282 2546212792137 0 281474976710656 0 281474976710656 9 25 -1 -1
281474976710656 281474976710656
1 100526777396662 110142382191127 0 19
206053984011466 206053984011467
218101384884806 218101384884807
74565835588752 74565835588753
158590695246746 158590695246747
124276392647921 124276392647922
101437842339644 101437842339645
86212142134126 86212142134127
180037134371011 180037134371012
206909141121903 206909141121904
195262834576529 195262834576530
215477122949499 215477122949500
109804156786616 109804156786617
119249876382091 119249876382092
115286852675876 115286852675877
122046809351175 122046809351176
78989958391076 78989958391077
83762851039411 83762851039412
81788019331802 81788019331803
85133254278538 85133254278539
9 0 1 281474976710656 281474976710656 0 281474976710656 0 281474976710656 1 2 -1 -1
17 0 4 150841985398378 150841985398379 0 281474976710656 0 281474976710656 1 3 -1 -1
3 0 0 60398848681383 61270489448639 0 281474976710656 0 281474976710656 4 5 -1 -1
4 0 0 32311140374975 32996672069305 0 281474976710656 0 281474976710656 6 2 -1 -1
21 0 0 39895322208896 40065304639140 0 281474976710656 0 281474976710656 7 3 -1 -1
9 0 3 20208994086101 20208994086102 0 281474976710656 0 281474976710656 8 9 -1 -1
25 0 0 12148094522907 12176615349358 0 281474976710656 0 281474976710656 1 10 -1 -1
22 0 0 17337647371335 17619280195296 0 281474976710656 0 281474976710656 11 5 -1 -1
10 0 0 8091911363973 8208689083812 0 281474976710656 0 281474976710656 12 13 -1 -1
11 0 0 4666523369802 4729488525830 0 281474976710656 0 281474976710656 4 14 -1 -1
23 0 0 9644479114246 9858728322660 0 281474976710656 0 281474976710656 15 2 -1 -1
12 0 0 4328871985001 4420715816943 0 281474976710656 0 281474976710656 16 17 -1 -1
13 0 0 2447059001479 2497748259373 0 281474976710656 0 281474976710656 6 18 -1 -1
281474976710656 281474976710656
1 115148854108904 119413626483309 0 19
206053984011466 206053984011467
218101384884806 218101384884807
74565835588752 74565835588753
158590695246746 158590695246747
124276392647921 124276392647922
101437842339644 101437842339645
86212142134126 86212142134127
180037134371011 180037134371012
206909141121903 206909141121904
195262834576529 195262834576530
215477122949499 215477122949500
109804156786616 109804156786617
119249876382091 119249876382092
115286852675876 115286852675877
122046809351175 122046809351176
78989958391076 78989958391077
83762851039411 83762851039412
81788019331802 81788019331803
85133254278538 85133254278539
10 0 1 281474976710656 281474976710656 0 281474976710656 0 281474976710656 1 2 -1 -1
17 0 4 150841985398378 150841985398379 0 281474976710656 0 281474976710656 1 3 -1 -1
3 0 0 61718233825479 62096406891608 0 281474976710656 0 281474976710656 4 5 -1 -1
4 0 0 33351486555225 33652587036035 0 281474976710656 0 281474976710656 6 2 -1 -1
21 0 0 40151631473837 40224030542085 0 281474976710656 0 281474976710656 7 3 -1 -1
9 0 3 20208994086101 20208994086102 0 281474976710656 0 281474976710656 8 9 -1 -1
25 0 0 12121715341488 12133717513046 0 281474976710656 0 281474976710656 1 10 -1 -1
22 0 0 17764242170409 17886834174184 0 281474976710656 0 281474976710656 11 5 -1 -1
10 0 0 8268675455906 8319341039741 0 281474976710656 0 281474976710656 12 13 -1 -1
11 0 0 4761798581627 4789070433792 0 281474976710656 0 281474976710656 4 14 -1 -1
23 0 0 9969741431586 10064014109879 0 281474976710656 0 281474976710656 15 2 -1 -1
12 0 0 4468251944425 4508591759762 0 281474976710656 0 281474976710656 16 17 -1 -1
13 0 0 2523969151282 2546212792137 0 281474976710656 0 281474976710656 6 18 -1 -1
281474976710656 281474976710656
1 81718541625674 83843610084026 0 19
206053984011466 206053984011467
218101384884806 218101384884807
74565835588752 74565835588753
158590695246746 158590695246747
124276392647921 124276392647922
101437842339644 101437842339645
86212142134126 86212142134127
180037134371011 180037134371012
206909141121903 206909141121904
195262834576529 195262834576530
215477122949499 215477122949500
109804156786616 109804156786617
119249876382091 119249876382092
115286852675876 115286852675877
122046809351175 122046809351176
78989958391076 78989958391077
83762851039411 83762851039412
81788019331802 81788019331803
85133254278538 85133254278539
11 0 1 281474976710656 281474976710656 0 281474976710656 0 281474976710656 1 2 -1 -1
18 0 4 150841985398378 150841985398379 0 281474976710656 0 281474976710656 1 3 -1 -1
5 0 0 58648305964840 58849178638264 0 281474976710656 0 281474976710656 4 5 -1 -1
6 0 0 30954968266189 31109198141889 0 281474976710656 0 281474976710656 6 2 -1 -1
21 0 0 39545998115547 39586635278799 0 281474976710656 0 281474976710656 7 3 -1 -1
9 0 3 20208994086101 20208994086102 0 281474976710656 0 281474976710656 8 9 -1 -1
25 0 0 12229139205853 12236124985302 0 281474976710656 0 281474976710656 1 10 -1 -1
22 0 0 16774320753947 16838806307976 0 281474976710656 0 281474976710656 11 5 -1 -1
10 0 0 7857383110366 7884294945679 0 281474976710656 0 281474976710656 12 13 -1 -1
11 0 0 4539802440558 4554361713118 0 281474976710656 0 281474976710656 4 14 -1 -1
23 0 0 9221566209180 9269598860277 0 281474976710656 0 281474976710656 15 2 -1 -1
12 0 0 4147179374328 4167842259650 0 281474976710656 0 281474976710656 16 17 -1 -1
13 0 0 2346670322957 2358094495001 0 281474976710656 0 281474976710656 6 18 -1 -1
281474976710656 281474976710656
1 121972489907950 124372664127965 0 19
206053984011466 206053984011467
218101384884806 218101384884807
74565835588752 74565835588753
158590695246746 158590695246747
124276392647921 124276392647922
101437842339644 101437842339645
86212142134126 86212142134127
180037134371011 180037134371012
206909141121903 206909141121904
195262834576529 195262834576530
215477122949499 215477122949500
109804156786616 109804156786617
119249876382091 119249876382092
115286852675876 115286852675877
122046809351175 122046809351176
78989958391076 78989958391077
83762851039411 83762851039412
81788019331802 81788019331803
85133254278538 85133254278539
12 0 1 281474976710656 281474976710656 0 281474976710656 0 281474976710656 1 2 -1 -1
17 0 4 150841985398378 150841985398379 0 281474976710656 0 281474976710656 1 3 -1 -1
3 0 0 62321893595522 62532437531025 0 281474976710656 0 281474976710656 4 5 -1 -1
4 0 0 33832738383048 34001369838330 0 281474976710656 0 281474976710656 6 2 -1 -1
21 0 0 40266977027606 40306929244252 0 281474976710656 0 281474976710656 7 3 -1 -1
9 0 3 20208994086101 20208994086102 0 281474976710656 0 281474976710656 8 9 -1 -1
25 0 0 12108034052918 12114619448582 0 281474976710656 0 281474976710656 1 10 -1 -1
22 0 0 17959997210586 18028357099984 0 281474976710656 0 281474976710656 11 5 -1 -1
10 0 0 8349550529849 8377758068594 0 281474976710656 0 281474976710656 12 13 -1 -1
11 0 0 4805323614725 4820494512520 0 281474976710656 0 281474976710656 4 14 -1 -1
23 0 0 10120446991345 10173290602338 0 281474976710656 0 281474976710656 15 2 -1 -1
12 0 0 4532727463735 4555319794867 0 281474976710656 0 281474976710656 16 17 -1 -1
13 0 0 2559517983144 2571970069754 0 281474976710656 0 281474976710656 6 18 -1 -1
281474976710656 281474976710656
1 85097085982291 86258460604879 0 19
206053984011466 206053984011467
218101384884806 218101384884807
74565835588752 74565835588753
158590695246746 158590695246747
124276392647921 124276392647922
101437842339644 101437842339645
86212142134126 86212142134127
180037134371011 180037134371012
206909141121903 206909141121904
195262834576529 195262834576530
215477122949499 215477122949500
109804156786616 109804156786617
119249876382091 119249876382092
115286852675876 115286852675877
122046809351175 122046809351176
78989958391076 78989958391077
83762851039411 83762851039412
81788019331802 81788019331803
85133254278538 85133254278539
13 0 1 281474976710656 281474976710656 0 281474976710656 0 281474976710656 1 2 -1 -1
18 0 4 150841985398378 150841985398379 0 281474976710656 0 281474976710656 1 3 -1 -1
5 0 0 58967290837687 59076478410573 0 281474976710656 0 281474976710656 4 5 -1 -1
6 0 0 31200052179128 31284151735956 0 281474976710656 0 281474976710656 6 2 -1 -1
21 0 0 39610461826553 39632443494043 0 281474976710656 0 281474976710656 7 3 -1 -1
9 0 3 20208994086101 20208994086102 0 281474976710656 0 281474976710656 8 9 -1 -1
25 0 0 12221284528730 12225051052543 0 281474976710656 0 281474976710656 1 10 -1 -1
22 0 0 16876742373481 16911824383169 0 281474976710656 0 281474976710656 11 5 -1 -1
10 0 0 7900118979904 7914747340894 0 281474976710656 0 281474976710656 12 13 -1 -1
11 0 0 4562920284056 4570830708356 0 281474976710656 0 281474976710656 4 14 -1 -1
23 0 0 9297901616757 9324105231409 0 281474976710656 0 281474976710656 15 2 -1 -1
12 0 0 4180014392603 4191281596771 0 281474976710656 0 281474976710656 16 17 -1 -1
13 0 0 2364823358491 2371051369039 0 281474976710656 0 281474976710656 6 18 -1 -1
281474976710656 281474976710656
0 156374987061475 180948199313994 0 24
103026992005733 103026992005734
81788019331802 81788019331803
218101384884806 218101384884807
206053984011466 206053984011467
158590695246746 158590695246747
162509653574040 162509653574041
101437842339644 101437842339645
124276392647921 124276392647922
118965323136615 118965323136616
86212142134126 86212142134127
180037134371011 180037134371012
178447984704922 178447984704923
195262834576529 195262834576530
206909141121903 206909141121904
197852620089641 197852620089642
215477122949499 215477122949500
109804156786616 109804156786617
109210990867437 109210990867438
115286852675876 115286852675877
119249876382091 119249876382092
116184759658385 116184759658386
122046809351175 122046809351176
83762851039411 83762851039412
85133254278538 85133254278539
14 0 1 281474976710656 281474976710656 0 281474976710656 0 281474976710656 1 2 0 3
19 0 0 76153970266903 77885978708759 0 281474976710656 0 281474976710656 4 2 5 3
7 0 2 37710496349594 37710496349595 0 281474976710656 0 281474976710656 6 7 0 8
25 0 0 22171346016604 22441313529011 0 281474976710656 0 281474976710656 1 9 -1 -1
14 0 0 40810789666880 41738970193439 0 281474976710656 0 281474976710656 4 10 5 11
0 0 0 17984319818383 18605457371135 0 281474976710656 0 281474976710656 12 13 14 3
24 0 0 10073333238489 10481034636216 0 281474976710656 0 281474976710656 15 2 -1 -1
15 0 3 20208994086101 20208994086102 0 281474976710656 0 281474976710656 6 16 0 17
1 0 0 8164746734194 8208689083812 0 281474976710656 0 281474976710656 18 19 20 8
4 0 0 4386048054242 4420715816943 0 281474976710656 0 281474976710656 21 7 -1 -1
-1
5 0 0 4600538679845 4642136503718 0 281474976710656 0 281474976710656 1 22 -1 -1
6 0 0 2423649533424 2442144521150 0 281474976710656 0 281474976710656 23 9 -1 -1
281474976710656 281474976710656
0 194867291568915 207402614418379 0 24
103026992005733 103026992005734
81788019331802 81788019331803
218101384884806 218101384884807
206053984011466 206053984011467
158590695246746 158590695246747
162509653574040 162509653574041
101437842339644 101437842339645
124276392647921 124276392647922
118965323136615 118965323136616
86212142134126 86212142134127
180037134371011 180037134371012
178447984704922 178447984704923
195262834576529 195262834576530
206909141121903 206909141121904
197852620089641 197852620089642
215477122949499 215477122949500
109804156786616 109804156786617
109210990867437 109210990867438
115286852675876 115286852675877
119249876382091 119249876382092
116184759658385 116184759658386
122046809351175 122046809351176
83762851039411 83762851039412
85133254278538 85133254278539
15 0 1 281474976710656 281474976710656 0 281474976710656 0 281474976710656 1 2 0 3
19 0 0 74445684733966 75236228481984 0 281474976710656 0 281474976710656 4 2 5 3
7 0 2 37710496349594 37710496349595 0 281474976710656 0 281474976710656 6 7 0 8
25 0 0 22590200156703 22721873574013 0 281474976710656 0 281474976710656 1 9 -1 -1
14 0 0 39895322208896 40318973326622 0 281474976710656 0 281474976710656 4 10 5 11
0 0 0 17382094037804 17659509415930 0 281474976710656 0 281474976710656 12 13 14 3
24 0 0 9681394944378 9861530458056 0 281474976710656 0 281474976710656 15 2 -1 -1
15 0 3 20208994086101 20208994086102 0 281474976710656 0 281474976710656 6 16 0 17
1 0 0 8120275298491 8140998273781 0 281474976710656 0 281474976710656 18 19 20 8
4 0 0 4351095372865 4367366197047 0 281474976710656 0 281474976710656 21 7 -1 -1
-1
5 0 0 4664995191387 4685162685780 0 281474976710656 0 281474976710656 1 22 -1 -1
6 0 0 2452291336283 2461233888564 0 281474976710656 0 281474976710656 23 9 -1 -1
281474976710656 281474976710656
0 156374987061475 180948199313994 0 17
103026992005733 103026992005734
81788019331802 81788019331803
218101384884806 218101384884807
158590695246746 158590695246747
101437842339644 101437842339645
124276392647921 124276392647922
86212142134126 86212142134127
180037134371011 180037134371012
195262834576529 195262834576530
206909141121903 206909141121904
215477122949499 215477122949500
109804156786616 109804156786617
115286852675876 115286852675877
119249876382091 119249876382092
122046809351175 122046809351176
83762851039411 83762851039412
85133254278538 85133254278539
16 0 1 281474976710656 281474976710656 0 281474976710656 0 281474976710656 1 2 -1 -1
21 0 0 76153970266903 77885978708759 0 281474976710656 0 281474976710656 3 2 -1 -1
9 0 2 37710496349594 37710496349595 0 281474976710656 0 281474976710656 4 5 -1 -1
25 0 0 22171346016604 22441313529011 0 281474976710656 0 281474976710656 1 6 -1 -1
16 0 0 40810789666880 41738970193439 0 281474976710656 0 281474976710656 3 7 -1 -1
2 0 0 17984319818383 18605457371135 0 281474976710656 0 281474976710656 8 9 -1 -1
24 0 0 10073333238489 10481034636216 0 281474976710656 0 281474976710656 10 2 -1 -1
17 0 3 20208994086101 20208994086102 0 281474976710656 0 281474976710656 4 11 -1 -1
3 0 0 8164746734194 8208689083812 0 281474976710656 0 281474976710656 12 13 -1 -1
4 0 0 4386048054242 4420715816943 0 281474976710656 0 281474976710656 14 5 -1 -1
-1
5 0 0 4600538679845 4642136503718 0 281474976710656 0 281474976710656 1 15 -1 -1
6 0 0 2423649533424 2442144521150 0 281474976710656 0 281474976710656 16 6 -1 -1
281474976710656 281474976710656
0 194867291568915 207402614418379 0 17
103026992005733 103026992005734
81788019331802 81788019331803
218101384884806 218101384884807
158590695246746 158590695246747
101437842339644 101437842339645
124276392647921 124276392647922
86212142134126 86212142134127
180037134371011 180037134371012
195262834576529 195262834576530
206909141121903 206909141121904
215477122949499 215477122949500
109804156786616 109804156786617
115286852675876 115286852675877
119249876382091 119249876382092
122046809351175 122046809351176
83762851039411 83762851039412
85133254278538 85133254278539
17 0 1 281474976710656 281474976710656 0 281474976710656 0 281474976710656 1 2 -1 -1
21 0 0 74445684733966 75236228481984 0 281474976710656 0 281474976710656 3 2 -1 -1
9 0 2 37710496349594 37710496349595 0 281474976710656 0 281474976710656 4 5 -1 -1
25 0 0 22590200156703 22721873574013 0 281474976710656 0 281474976710656 1 6 -1 -1
16 0 0 39895322208896 40318973326622 0 281474976710656 0 281474976710656 3 7 -1 -1
2 0 0 17382094037804 17659509415930 0 281474976710656 0 281474976710656 8 9 -1 -1
24 0 0 9681394944378 9861530458056 0 281474976710656 0 281474976710656 10 2 -1 -1
17 0 3 20208994086101 20208994086102 0 281474976710656 0 281474976710656 4 11 -1 -1
3 0 0 8120275298491 8140998273781 0 281474976710656 0 281474976710656 12 13 -1 -1
4 0 0 4351095372865 4367366197047 0 281474976710656 0 281474976710656 14 5 -1 -1
-1
5 0 0 4664995191387 4685162685780 0 281474976710656 0 281474976710656 1 15 -1 -1
6 0 0 2452291336283 2461233888564 0 281474976710656 0 281474976710656 16 6 -1 -1
281474976710656 281474976710656
0 215245570425795 222834356562603 0 17
103026992005733 103026992005734
81788019331802 81788019331803
218101384884806 218101384884807
158590695246746 158590695246747
101437842339644 101437842339645
124276392647921 124276392647922
86212142134126 86212142134127
180037134371011 180037134371012
195262834576529 195262834576530
206909141121903 206909141121904
215477122949499 215477122949500
109804156786616 109804156786617
115286852675876 115286852675877
119249876382091 119249876382092
122046809351175 122046809351176
83762851039411 83762851039412
85133254278538 85133254278539
18 0 1 281474976710656 281474976710656 0 281474976710656 0 281474976710656 1 2 -1 -1
21 0 0 73516181173453 73967447664925 0 281474976710656 0 281474976710656 3 2 -1 -1
9 0 2 37710496349594 37710496349595 0 281474976710656 0 281474976710656 4 5 -1 -1
25 0 0 22803121363162 22880918905329 0 281474976710656 0 281474976710656 1 6 -1 -1
16 0 0 39397202752094 39639035736016 0 281474976710656 0 281474976710656 3 7 -1 -1
2 0 0 17058712511548 17215335111085 0 281474976710656 0 281474976710656 8 9 -1 -1
24 0 0 9472300668013 9573451155988 0 281474976710656 0 281474976710656 10 2 -1 -1
17 0 3 20208994086101 20208994086102 0 281474976710656 0 281474976710656 4 11 -1 -1
3 0 0 8095587194106 8107617103089 0 281474976710656 0 281474976710656 12 13 -1 -1
4 0 0 4331748981593 4341170888429 0 281474976710656 0 281474976710656 14 5 -1 -1
-1
5 0 0 4697584281449 4709462319603 0 281474976710656 0 281474976710656 1 15 -1 -1
6 0 0 2466737307457 2471996706990 0 281474976710656 0 281474976710656 16 6 -1 -1
281474976710656 281474976710656
1 156374987061475 180948199313994 0 24
206053984011466 206053984011467
218101384884806 218101384884807
81788019331802 81788019331803
103026992005733 103026992005734
158590695246746 158590695246747
162509653574040 162509653574041
124276392647921 124276392647922
101437842339644 101437842339645
118965323136615 118965323136616
86212142134126 86212142134127
180037134371011 180037134371012
178447984704922 178447984704923
206909141121903 206909141121904
195262834576529 195262834576530
197852620089641 197852620089642
215477122949499 215477122949500
109804156786616 109804156786617
109210990867437 109210990867438
119249876382091 119249876382092
115286852675876 115286852675877
116184759658385 116184759658386
122046809351175 122046809351176
83762851039411 83762851039412
85133254278538 85133254278539
19 0 1 281474976710656 281474976710656 0 281474976710656 0 281474976710656 1 2 0 3
14 0 4 150841985398378 150841985398379 0 281474976710656 0 281474976710656 1 4 0 5
0 0 0 65253492735130 67238940397910 0 281474976710656 0 281474976710656 6 7 8 3
24 0 0 36217397770169 37877793012835 0 281474976710656 0 281474976710656 9 2 -1 -1
19 0 0 40810789666880 41164512835159 0 281474976710656 0 281474976710656 10 4 11 5
7 0 3 20208994086101 20208994086102 0 281474976710656 0 281474976710656 12 13 0 14
25 0 0 11970240912286 12026263674384 0 281474976710656 0 281474976710656 1 15 -1 -1
20 0 0 18915754915312 19567817347476 0 281474976710656 0 281474976710656 16 7 17 3
8 0 0 8742310340844 9008309889773 0 281474976710656 0 281474976710656 18 19 8 20
11 0 0 5016114872909 5158335829777 0 281474976710656 0 281474976710656 6 21 -1 -1
-1
12 0 0 4852211242236 5074662024432 0 281474976710656 0 281474976710656 22 2 -1 -1
13 0 0 2735402570641 2857614336346 0 281474976710656 0 281474976710656 9 23 -1 -1
281474976710656 281474976710656
1 194867291568915 207402614418379 0 24
206053984011466 206053984011467
218101384884806 218101384884807
81788019331802 81788019331803
103026992005733 103026992005734
158590695246746 158590695246747
162509653574040 162509653574041
124276392647921 124276392647922
101437842339644 101437842339645
118965323136615 118965323136616
86212142134126 86212142134127
180037134371011 180037134371012
178447984704922 178447984704923
206909141121903 206909141121904
195262834576529 195262834576530
197852620089641 197852620089642
215477122949499 215477122949500
109804156786616 109804156786617
109210990867437 109210990867438
119249876382091 119249876382092
115286852675876 115286852675877
116184759658385 116184759658386
122046809351175 122046809351176
83762851039411 83762851039412
85133254278538 85133254278539
20 0 1 281474976710656 281474976710656 0 281474976710656 0 281474976710656 1 2 0 3
14 0 4 150841985398378 150841985398379 0 281474976710656 0 281474976710656 1 4 0 5
0 0 0 68325683563818 69281869492581 0 281474976710656 0 281474976710656 6 7 8 3
24 0 0 38802363047956 39625164309431 0 281474976710656 0 281474976710656 9 2 -1 -1
19 0 0 41353423791428 41516992980839 0 281474976710656 0 281474976710656 10 4 11 5
7 0 3 20208994086101 20208994086102 0 281474976710656 0 281474976710656 12 13 0 14
25 0 0 11915509841465 11940774135303 0 281474976710656 0 281474976710656 1 15 -1 -1
20 0 0 19926345329571 20242743848156 0 281474976710656 0 281474976710656 16 7 17 3
8 0 0 9153905866614 9282010490328 0 281474976710656 0 281474976710656 18 19 8 20
11 0 0 5236000261541 5304229921079 0 281474976710656 0 281474976710656 6 21 -1 -1
-1
12 0 0 5198530921559 5308765388332 0 281474976710656 0 281474976710656 22 2 -1 -1
13 0 0 2925578420747 2986009530683 0 281474976710656 0 281474976710656 9 23 -1 -1
281474976710656 281474976710656
1 156374987061475 180948199313994 0 17
206053984011466 206053984011467
218101384884806 218101384884807
81788019331802 81788019331803
158590695246746 158590695246747
124276392647921 124276392647922
101437842339644 101437842339645
86212142134126 86212142134127
180037134371011 180037134371012
206909141121903 206909141121904
195262834576529 195262834576530
215477122949499 215477122949500
109804156786616 109804156786617
119249876382091 119249876382092
115286852675876 115286852675877
122046809351175 122046809351176
83762851039411 83762851039412
85133254278538 85133254278539
21 0 1 281474976710656 281474976710656 0 281474976710656 0 281474976710656 1 2 -1 -1
16 0 4 150841985398378 150841985398379 0 281474976710656 0 281474976710656 1 3 -1 -1
2 0 0 65253492735130 67238940397910 0 281474976710656 0 281474976710656 4 5 -1 -1
24 0 0 36217397770169 37877793012835 0 281474976710656 0 281474976710656 6 2 -1 -1
21 0 0 40810789666880 41164512835159 0 281474976710656 0 281474976710656 7 3 -1 -1
9 0 3 20208994086101 20208994086102 0 281474976710656 0 281474976710656 8 9 -1 -1
25 0 0 11970240912286 12026263674384 0 281474976710656 0 281474976710656 1 10 -1 -1
22 0 0 18915754915312 19567817347476 0 281474976710656 0 281474976710656 11 5 -1 -1
10 0 0 8742310340844 9008309889773 0 281474976710656 0 281474976710656 12 13 -1 -1
11 0 0 5016114872909 5158335829777 0 281474976710656 0 281474976710656 4 14 -1 -1
-1
12 0 0 4852211242236 5074662024432 0 281474976710656 0 281474976710656 15 2 -1 -1
13 0 0 2735402570641 2857614336346 0 281474976710656 0 281474976710656 6 16 -1 -1
281474976710656 281474976710656
1 194867291568915 207402614418379 0 17
206053984011466 206053984011467
218101384884806 218101384884807
81788019331802 81788019331803
158590695246746 158590695246747
124276392647921 124276392647922
101437842339644 101437842339645
86212142134126 86212142134127
180037134371011 180037134371012
206909141121903 206909141121904
195262834576529 195262834576530
215477122949499 215477122949500
109804156786616 109804156786617
119249876382091 119249876382092
115286852675876 115286852675877
122046809351175 122046809351176
83762851039411 83762851039412
85133254278538 85133254278539
22 0 1 281474976710656 281474976710656 0 281474976710656 0 281474976710656 1 2 -1 -1
16 0 4 150841985398378 150841985398379 0 281474976710656 0 281474976710656 1 3 -1 -1
2 0 0 68325683563818 69281869492581 0 281474976710656 0 281474976710656 4 5 -1 -1
24 0 0 38802363047956 39625164309431 0 281474976710656 0 281474976710656 6 2 -1 -1
21 0 0 41353423791428 41516992980839 0 281474976710656 0 281474976710656 7 3 -1 -1
9 0 3 20208994086101 20208994086102 0 281474976710656 0 281474976710656 8 9 -1 -1
25 0 0 11915509841465 11940774135303 0 281474976710656 0 281474976710656 1 10 -1 -1
22 0 0 19926345329571 20242743848156 0 281474976710656 0 281474976710656 11 5 -1 -1
10 0 0 9153905866614 9282010490328 0 281474976710656 0 281474976710656 12 13 -1 -1
11 0 0 5236000261541 5304229921079 0 281474976710656 0 281474976710656 4 14 -1 -1
-1
12 0 0 5198530921559 5308765388332 0 281474976710656 0 281474976710656 15 2 -1 -1
13 0 0 2925578420747 2986009530683 0 281474976710656 0 281474976710656 6 16 -1 -1
281474976710656 281474976710656
1 215245570425795 222834356562603 0 17
206053984011466 206053984011467
218101384884806 218101384884807
81788019331802 81788019331803
158590695246746 158590695246747
124276392647921 124276392647922
101437842339644 101437842339645
86212142134126 86212142134127
180037134371011 180037134371012
206909141121903 206909141121904
195262834576529 195262834576530
215477122949499 215477122949500
109804156786616 109804156786617
119249876382091 119249876382092
115286852675876 115286852675877
122046809351175 122046809351176
83762851039411 83762851039412
85133254278538 85133254278539
23 0 1 281474976710656 281474976710656 0 281474976710656 0 281474976710656 1 2 -1 -1
16 0 4 150841985398378 150841985398379 0 281474976710656 0 281474976710656 1 3 -1 -1
2 0 0 69869561724533 70430637276543 0 281474976710656 0 281474976710656 4 5 -1 -1
24 0 0 40135226439389 40625295097817 0 281474976710656 0 281474976710656 6 2 -1 -1
21 0 0 41616326724037 41710326115986 0 281474976710656 0 281474976710656 7 3 -1 -1
9 0 3 20208994086101 20208994086102 0 281474976710656 0 281474976710656 8 9 -1 -1
25 0 0 11885942405437 11900278721390 0 281474976710656 0 281474976710656 1 10 -1 -1
22 0 0 20437645697094 20624029823778 0 281474976710656 0 281474976710656 11 5 -1 -1
10 0 0 9360746319802 9435916190330 0 281474976710656 0 281474976710656 12 13 -1 -1
11 0 0 5346117196290 5386073421234 0 281474976710656 0 281474976710656 4 14 -1 -1
-1
12 0 0 5377100756237 5442757506869 0 281474976710656 0 281474976710656 15 2 -1 -1
13 0 0 3023446974974 3059399526515 0 281474976710656 0 281474976710656 6 16 -1 -1
281474976710656 281474976710656
0 74072362292277 79164837199872 0 13
103026992005733 103026992005734
74565835588752 74565835588753
124276392647921 124276392647922
101437842339644 101437842339645
86212142134126 86212142134127
109804156786616 109804156786617
115286852675876 115286852675877
119249876382091 119249876382092
122046809351175 122046809351176
78989958391076 78989958391077
81788019331802 81788019331803
83762851039411 83762851039412
85133254278538 85133254278539
24 0 1 281474976710656 281474976710656 0 281474976710656 0 281474976710656 1 2 -1 -1
-1
12 0 2 37710496349594 37710496349595 0 281474976710656 0 281474976710656 3 2 -1 -1
13 0 0 21195198314600 21259047371421 0 281474976710656 0 281474976710656 1 4 -1 -1
-1
-1
-1
17 0 3 20208994086101 20208994086102 0 281474976710656 0 281474976710656 3 5 -1 -1
3 0 0 8366180937497 8377758068594 0 281474976710656 0 281474976710656 6 7 -1 -1
4 0 0 4546040738301 4555319794867 0 281474976710656 0 281474976710656 8 2 -1 -1
18 0 0 11358472543629 11392689150055 0 281474976710656 0 281474976710656 1 9 -1 -1
5 0 0 4448486647988 4458512365636 0 281474976710656 0 281474976710656 10 11 -1 -1
6 0 0 2355711359838 2360207250311 0 281474976710656 0 281474976710656 12 4 -1 -1
281474976710656 281474976710656
1 74072362292277 79164837199872 0 13
206053984011466 206053984011467
124276392647921 124276392647922
74565835588752 74565835588753
101437842339644 101437842339645
86212142134126 86212142134127
109804156786616 109804156786617
119249876382091 119249876382092
115286852675876 115286852675877
122046809351175 122046809351176
78989958391076 78989958391077
83762851039411 83762851039412
81788019331802 81788019331803
85133254278538 85133254278539
25 0 1 281474976710656 281474976710656 0 281474976710656 0 281474976710656 1 2 -1 -1
-1
5 0 0 57918913844859 58405859382480 0 281474976710656 0 281474976710656 1 3 -1 -1
6 0 0 30397952456161 30769295443979 0 281474976710656 0 281474976710656 4 2 -1 -1
-1
-1
-1
22 0 0 16540506344637 16696542696885 0 281474976710656 0 281474976710656 5 3 -1 -1
10 0 0 7759663095608 7824901427391 0 281474976710656 0 281474976710656 6 7 -1 -1
11 0 0 4486896004966 4522223558768 0 281474976710656 0 281474976710656 1 8 -1 -1
23 0 0 9048227229859 9163762658060 0 281474976710656 0 281474976710656 9 2 -1 -1
12 0 0 4072553406094 4122303932945 0 281474976710656 0 281474976710656 10 11 -1 -1
13 0 0 2305394572974 2332914511269 0 281474976710656 0 281474976710656 4 12 -1 -1
