FREIMAN_DYADIC_GRAPH_V1 1 3 0 0 1 1 0
0 281474976710656
1 1 0
246290604621824 246290604621824
316659348799488 316659348799488
281474976710656 281474976710656
0 0 0 0 4
0 0
281474976710656 281474976710656
105553116266496 105553116266496
175921860444160 175921860444160
0 0 1 281474976710656 281474976710656 0 0 281474976710656 281474976710656 0 1
0 0 2 105553116266496 105553116266496 0 0 105553116266496 105553116266496 0 2
0 0 2 105553116266496 105553116266496 175921860444160 175921860444160 281474976710656 281474976710656 3 1
