12 40 -24 24 1.1000000000000001 3 3008
0 1 1 1 2 2 2 2 2 2 2 2 2 3 3 3 3 3 3 3 3 3 3 3 3 3 3 3 3 3 3 3 3 3 3 3 3 3 3 3
0 1 1 0.69860608350146958 1.6986060835014696 0.89663136846188485 1.8966313684618847 0.92703518226462656 1.6056720360862071 1.150531907753396 1.8147918144060735
2 0.35827114189451603 0.39088601929433331 1.3077200642071363 1.6986060835014696 1.5383602265673686 1.8966313684618847 1.3423640713387697 1.6056720360862071 1.571655813855714 1.8147918144060735
3 0.17366498980403922 0.18295639822768872 0.91037952743961548 1.0840445172436546 1.1325869917413285 1.315543389969017 0.92703518226462656 1.0454285595399073 1.150531907753396 1.2756420467407152
5 0.097429868310369011 0.11038375738541251 0.69860608350146958 0.7960359518118385 0.89663136846188485 1.0070151258472972 0.70798413008759298 0.77501425793792067 0.90739590720303676 0.98346737326423972
0 0.14004318048318265 0.14796598753691065 1.3077200642071363 1.4556860517440471 1.5383602265673686 1.6784034070505514 1.3423640713387697 1.4423300942175601 1.571655813855714 1.6659914590556992
1 0.062219154204192634 0.06928618937909356 1.5430860537955389 1.6123722431746326 1.7585399006750384 1.820759054879231 1.558383080115312 1.6056720360862071 1.7723748839369102 1.8147918144060735
4 0.034906310174188215 0.039914940853471359 1.6586911426479982 1.6986060835014696 1.8617250582876967 1.8966313684618847 1.6672681917319965 1.6947459928772113 1.8692565245564621 1.8932714850027343
0 0.06932622117274384 0.07412828454140441 0.91037952743961548 0.97970574861235926 1.1325869917413285 1.2067152762827325 0.92703518226462656 0.97363788564509357 1.150531907753396 1.2002860252310448
1 0.029732868150138494 0.03099715700855929 1.0185318557826624 1.0482647239328009 1.2475903524688676 1.2785875094774268 1.0251741007131814 1.0454285595399073 1.2545378210373221 1.2756420467407152
4 0.016396550238671769 0.016889011484011465 1.067647967004983 1.0840445172436546 1.2986543784850055 1.315543389969017 1.0711949859960883 1.0824710286143391 1.3023145764186226 1.3139260382045623
6 0.039691184796821016 0.045354121657270485 0.69860608350146958 0.73829726829829057 0.89663136846188485 0.94198549011915522 0.70798413008759298 0.73484606709510081 0.90739590720303676 0.93806313324258794
1 0.016438517671862416 0.018507486182306854 0.76013334555180911 0.77657186322367144 0.96670967807111174 0.98521716425341865 0.76382675362252161 0.77501425793792067 0.9708757864209272 0.98346737326423972
4 0.0088771251275609024 0.0099260265466597913 0.78715882668427772 0.7960359518118385 0.99708909930063738 1.0070151258472972 0.78908525655569184 0.79518715791121086 0.99924535963739736 1.0060671629080362
2 0.053011943316398719 0.056711201055651639 1.3989748506883954 1.4556860517440471 1.6253914637341524 1.6784034070505514 1.4040583307770951 1.4423300942175601 1.6301765178882617 1.6659914590556992
3 0.024823242186367556 0.026025417688470574 1.3398553694318356 1.365880787120306 1.5692553230112138 1.5940785651975815 1.3423640713387697 1.3601190079223522 1.571655813855714 1.588598082110406
5 0.014300371438225268 0.01483933833557563 1.3077200642071363 1.3225594025427119 1.5383602265673686 1.5526605980055939 1.3091525154414712 1.3193655916747244 1.5397431856431381 1.5495876888361846
2 0.024837584422790743 0.027810942858223719 1.584561300316409 1.6123722431746326 1.7959214704564401 1.820759054879231 1.5869873620610708 1.6056720360862071 1.798095410650582 1.8147918144060735
3 0.010652428623949207 0.011817006480263001 1.5572574710648157 1.5690744775450787 1.7713587680812677 1.7820111967052168 1.558383080115312 1.5664313814041566 1.7723748839369102 1.779631472029217
5 0.0058744107771397311 0.0064876245649284322 1.5430860537955389 1.5495736783604674 1.7585399006750384 1.7644143114521782 1.5437081519983611 1.5481692823033402 1.7591036362430212 1.7631435169079133
7 0.014220206100303306 0.016310797454024584 1.6822952860474449 1.6986060835014696 1.8824111623615813 1.8966313684618847 1.68371078481485 1.6947459928772113 1.883647628157556 1.8932714850027343
3 0.0058894464973513298 0.0067193632219101811 1.6666320145225821 1.6733513777444924 1.8686984795321151 1.8745879260294664 1.6672681917319965 1.6718406437404933 1.8692565245564621 1.8732646845024901
5 0.0031804177561917477 0.0036196064961967634 1.6586911426479982 1.6623107491441951 1.8617250582876967 1.8649054760438883 1.6590370864036088 1.6615249653910058 1.8620291566477074 1.8642152918140771
2 0.026019117841198067 0.027647942395995488 0.95368663077116134 0.97970574861235926 1.179067333886737 1.2067152762827325 0.95604629759961846 0.97363788564509357 1.1815832559579402 1.2002860252310448
3 0.012352447621924688 0.013257500801820643 0.92583802267591442 0.9381904702978392 1.1492449618966294 1.1625024626984501 0.92703518226462656 0.93546847682321599 1.150531907753396 1.1595850921735644
5 0.0071669623524415194 0.0077323374369926423 0.91037952743961548 0.917546489792057 1.1325869917413285 1.1403193291783209 0.91107351345370935 0.91600813587257968 1.1333364257751377 1.1386609724564771
2 0.01182648683671279 0.012297958300356578 1.0364382370960881 1.0482647239328009 1.2662895511770702 1.2785875094774268 1.0374756237701093 1.0454285595399073 1.2673699496109014 1.2756420467407152
3 0.005103209063824974 0.0053295236032851346 1.0246868620724916 1.0297900711363166 1.2540286398802865 1.2593581634835715 1.0251741007131814 1.0286509372961028 1.2545378210373221 1.2581691835816613
5 0.0028225028941834011 0.0029538099863468618 1.0185318557826624 1.0213543586768459 1.2475903524688676 1.2505441624552145 1.018802855209894 1.0207440462306911 1.247874062407121 1.2499056588219155
7 0.0066664639256527151 0.0068572369452993276 1.077378053318002 1.0840445172436546 1.3086861530237175 1.315543389969017 1.077958429941454 1.0824710286143391 1.3092836520570994 1.3139260382045623
3 0.0027704311617406858 0.002856487145385991 1.0709323444123193 1.07370277557406 1.3020436804398652 1.3049001675852514 1.0711949859960883 1.0730805864811332 1.3023145764186226 1.3042588469135377
5 0.0014984728955263133 0.0015467350204092867 1.067647967004983 1.0691464399005093 1.2986543784850055 1.3002011135054148 1.0677912842083523 1.0688213329396097 1.2988023399774071 1.2998655914119623
2 0.014873569612789321 0.016932849879985529 0.72342369868550116 0.73829726829829057 0.92505264023916967 0.94198549011915522 0.72478065352071452 0.73484606709510081 0.92660057717439515 0.93806313324258794
3 0.0071863285322343595 0.008230131883921743 0.70728567384457786 0.7144720023768123 0.90659522671686377 0.91482535860078529 0.70798413008759298 0.71289229719653313 0.90739590720303676 0.91301771634389839
9 0.0038303509111031198 0.0044002903085145206 0.69860608350146958 0.70243643441257264 0.89663136846188485 0.90103165877039926 0.69863645891803483 0.70153447934329949 0.89666628342457844 0.89999595003357935
2 0.0065095189079275983 0.0073180530952349464 0.77006234431574372 0.77657186322367144 0.97789911115818362 0.98521716425341865 0.77063486855590113 0.77501425793792067 0.97854331249523097 0.98346737326423972
3 0.0028300378456501017 0.0031894142176315653 0.7635562401959497 0.76638627804159976 0.9705708059690038 0.97376022018663522 0.76382675362252161 0.76575518165771517 0.9708757864209272 0.97304921455060867
5 0.0015709397038454727 0.0017725530300792547 0.76013334555180911 0.76170428525565448 0.96670967807111174 0.96848223110119103 0.76028427340500704 0.76136478655996898 0.96688001171308668 0.96809923122142438
7 0.0036006160009429524 0.0040229257953953365 0.79243533581089554 0.7960359518118385 1.002992200051902 1.0070151258472972 0.7927492706092012 0.79518715791121086 1.0033431256022431 1.0060671629080362
3 0.0015025139720294656 0.0016809901330542185 0.78894272785423147 0.79044524182626086 0.9990858686821622 1.0007668588152165 0.78908525655569184 0.79010798230532209 0.99924535963739736 1.0003896027377068
5 0.0008142492521821125 0.00091154180205613687 0.78715882668427772 0.78797307593645982 0.99708909930063738 0.9980006411026936 0.78723672921995036 0.78779646834460426 0.9971763196820671 0.99780294971715244
1 1 1 0.63259765518133104 1.632597655181331 0.69860608350146958 1.6986060835014696 0.8506897449624411 1.5345146354788142 0.92703518226462656 1.6056720360862071
2 0.39088601929433331 0.40516912914492259 1.2274285260364086 1.632597655181331 1.3077200642071363 1.6986060835014696 1.2625694181504219 1.5345146354788142 1.3423640713387697 1.6056720360862071
3 0.1694237387095007 0.17366498980403922 0.83459048434491412 1.0040142230544147 0.91037952743961548 1.0840445172436546 0.8506897449624411 0.96604086636530706 0.92703518226462656 1.0454285595399073
5 0.092311674517078807 0.097429868310369011 0.63259765518133104 0.72490932969840993 0.69860608350146958 0.7960359518118385 0.64143774921533014 0.7049034814795242 0.70798413008759298 0.77501425793792067
0 0.14796598753691065 0.15111765788910916 1.2274285260364086 1.3785461839255175 1.3077200642071363 1.4556860517440471 1.2625694181504219 1.3647946994430118 1.3423640713387697 1.4423300942175601
1 0.06928618937909356 0.072462624593875646 1.4690861778735407 1.5415488024674162 1.5430860537955389 1.6123722431746326 1.4850318925528105 1.5345146354788142 1.558383080115312 1.6056720360862071
4 0.039914940853471359 0.042263279731654335 1.5903343754496768 1.632597655181331 1.6586911426479982 1.6986060835014696 1.5993985936891508 1.6285014112616358 1.6672681917319965 1.6947459928772113
0 0.067217973350414364 0.06932622117274384 0.83459048434491412 0.90180845769532847 0.91037952743961548 0.97970574861235926 0.8506897449624411 0.89590323413224504 0.92703518226462656 0.97363788564509357
1 0.029130020348632765 0.029732868150138494 0.93969391980894457 0.96882394015757733 1.0185318557826624 1.0482647239328009 0.94619262613147836 0.96604086636530706 1.0251741007131814 1.0454285595399073
4 0.016144884873995236 0.016396550238671769 0.98786933818041955 1.0040142230544147 1.067647967004983 1.0840445172436546 0.99135926058534374 1.0024635260522783 1.0711949859960883 1.0824710286143391
6 0.03748017020298744 0.039691184796821016 0.63259765518133104 0.67007782538431859 0.69860608350146958 0.73829726829829057 0.64143774921533014 0.66681202523100402 0.70798413008759298 0.73484606709510081
1 0.015612939329025816 0.016438517671862416 0.6907712008286393 0.70638414015766515 0.76013334555180911 0.77657186322367144 0.69427652055468381 0.7049034814795242 0.76382675362252161 0.77501425793792067
4 0.0084541182237550336 0.0088771251275609024 0.71645521147465496 0.72490932969840993 0.78715882668427772 0.7960359518118385 0.71828910248203381 0.72410060426527356 0.78908525655569184 0.79518715791121086
2 0.056711201055651639 0.058237960549356038 1.3203082233761618 1.3785461839255175 1.3989748506883954 1.4556860517440471 1.3255122972202724 1.3647946994430118 1.4040583307770951 1.4423300942175601
3 0.026025417688470574 0.026487123364186412 1.2600198198931398 1.2865069432573264 1.3398553694318356 1.365880787120306 1.2625694181504219 1.2806357960624768 1.3423640713387697 1.3601190079223522
5 0.01483933833557563 0.015034274010099999 1.2274285260364086 1.2424628000465086 1.3077200642071363 1.3225594025427119 1.2288786272290753 1.239224771849714 1.3091525154414712 1.3193655916747244
2 0.027810942858223719 0.029159529570114251 1.5123892728973019 1.5415488024674162 1.584561300316409 1.6123722431746326 1.5149290377398199 1.5345146354788142 1.5869873620610708 1.6056720360862071
3 0.011817006480263001 0.01233678494863483 1.4838575380723222 1.4961943230209571 1.5572574710648157 1.5690744775450787 1.4850318925528105 1.4934334261185649 1.558383080115312 1.5664313814041566
5 0.0064876245649284322 0.0067591133786639715 1.4690861778735407 1.4758452912522044 1.5430860537955389 1.5495736783604674 1.4697340778015833 1.4743816724688048 1.5437081519983611 1.5481692823033402
7 0.016310797454024584 0.017295437073076902 1.6153022181082544 1.632597655181331 1.6822952860474449 1.6986060835014696 1.6168017946497302 1.6285014112616358 1.68371078481485 1.6947459928772113
3 0.0067193632219101811 0.007107125268082274 1.5987259548358439 1.6058330801039262 1.6666320145225821 1.6733513777444924 1.5993985936891508 1.6042346539917356 1.6672681917319965 1.6718406437404933
5 0.0036196064961967634 0.0038240347791269141 1.5903343754496768 1.5941584102288036 1.6586911426479982 1.6623107491441951 1.590699784110414 1.5933281027614774 1.6590370864036088 1.6615249653910058
2 0.02529204047889828 0.026019117841198067 0.87651641721643014 0.90180845769532847 0.95368663077116134 0.97970574861235926 0.87880695733268499 0.89590323413224504 0.95604629759961846 0.97363788564509357
3 0.011958453413079074 0.012352447621924688 0.84953152829578593 0.86148998170886493 0.92583802267591442 0.9381904702978392 0.8506897449624411 0.85885331990738978 0.92703518226462656 0.93546847682321599
5 0.0069236916736995363 0.0071669623524415194 0.83459048434491412 0.84151417601861356 0.91037952743961548 0.917546489792057 0.83526065986827747 0.84002754869471086 0.91107351345370935 0.91600813587257968
2 0.011598946318243059 0.01182648683671279 0.95722499383933424 0.96882394015757733 1.0364382370960881 1.0482647239328009 0.95824177328396432 0.96604086636530706 1.0374756237701093 1.0454285595399073
3 0.0049961021410917499 0.005103209063824974 0.94571574361645572 0.95071184575754752 1.0246868620724916 1.0297900711363166 0.94619262613147836 0.94959635939402109 1.0251741007131814 1.0286509372961028
5 0.0027608866405444063 0.0028225028941834011 0.93969391980894457 0.94245480644948898 1.0185318557826624 1.0213543586768459 0.9399589633379718 0.94185773945928952 1.018802855209894 1.0207440462306911
7 0.0065679217967305826 0.0066664639256527151 0.99744630125768419 1.0040142230544147 1.077378053318002 1.0840445172436546 0.99801789296283461 1.0024635260522783 1.077958429941454 1.0824710286143391
3 0.0027267693789895363 0.0027704311617406858 0.99110079655798555 0.99382756593697508 1.0709323444123193 1.07370277557406 0.99135926058534374 0.99321510467304708 1.0711949859960883 1.0730805864811332
5 0.0014741732557947422 0.0014984728955263133 0.98786933818041955 0.98934351143621435 1.067647967004983 1.0691464399005093 0.98801032001406308 0.98902365430236261 1.0677912842083523 1.0688213329396097
2 0.014065233014755932 0.014873569612789321 0.65601259236956266 0.67007782538431859 0.72342369868550116 0.73829726829829057 0.65729479519693412 0.66681202523100402 0.72478065352071452 0.73484606709510081
3 0.0067800511280798892 0.0071863285322343595 0.64077902759880812 0.647559078726888 0.70728567384457786 0.7144720023768123 0.64143774921533014 0.64606819780417624 0.70798413008759298 0.71289229719653313
9 0.0036094711040347977 0.0038303509111031198 0.63259765518133104 0.63620712628536591 0.69860608350146958 0.70243643441257264 0.63262627268369553 0.63535703900000473 0.69863645891803483 0.70153447934329949
2 0.0061861641184379557 0.0065095189079275983 0.70019797603922718 0.70638414015766515 0.77006234431574372 0.77657186322367144 0.70074187289633372 0.7049034814795242 0.77063486855590113 0.77501425793792067
3 0.0026868505883176626 0.0028300378456501017 0.69401973208583434 0.69670658267415209 0.7635562401959497 0.76638627804159976 0.69427652055468381 0.69610734039563893 0.76382675362252161 0.76575518165771517
5 0.0014907551313101219 0.0015709397038454727 0.6907712008286393 0.69226195595994955 0.76013334555180911 0.76170428525565448 0.69091441314546331 0.69193976305662197 0.76028427340500704 0.76136478655996898
7 0.0034300946888755311 0.0036006160009429524 0.72147923500953448 0.72490932969840993 0.79243533581089554 0.7960359518118385 0.72177824499369325 0.72410060426527356 0.7927492706092012 0.79518715791121086
3 0.001430600166625847 0.0015025139720294656 0.71815340627250168 0.71958400643912757 0.78894272785423147 0.79044524182626086 0.71828910248203381 0.71926286717048815 0.78908525655569184 0.79010798230532209
5 0.00077508545115182251 0.0008142492521821125 0.71645521147465496 0.71723029692580664 0.78715882668427772 0.78797307593645982 0.71652936387380251 0.71706217757857937 0.78723672921995036 0.78779646834460426
2 1 1 -1.6986060835014696 -0.69860608350146958 -1.8966313684618847 -0.89663136846188485 -1.6056720360862071 -0.92703518226462656 -1.8147918144060735 -1.150531907753396
0 0.35827114189451603 0.39088601929433331 -1.6986060835014696 -1.3077200642071363 -1.8966313684618847 -1.5383602265673686 -1.6056720360862071 -1.3423640713387697 -1.8147918144060735 -1.571655813855714
1 0.17366498980403922 0.18295639822768872 -1.0840445172436546 -0.91037952743961548 -1.315543389969017 -1.1325869917413285 -1.0454285595399073 -0.92703518226462656 -1.2756420467407152 -1.150531907753396
4 0.097429868310369011 0.11038375738541251 -0.7960359518118385 -0.69860608350146958 -1.0070151258472972 -0.89663136846188485 -0.77501425793792067 -0.70798413008759298 -0.98346737326423972 -0.90739590720303676
2 0.14004318048318265 0.14796598753691065 -1.4556860517440471 -1.3077200642071363 -1.6784034070505514 -1.5383602265673686 -1.4423300942175601 -1.3423640713387697 -1.6659914590556992 -1.571655813855714
3 0.062219154204192634 0.06928618937909356 -1.6123722431746326 -1.5430860537955389 -1.820759054879231 -1.7585399006750384 -1.6056720360862071 -1.558383080115312 -1.8147918144060735 -1.7723748839369102
5 0.034906310174188215 0.039914940853471359 -1.6986060835014696 -1.6586911426479982 -1.8966313684618847 -1.8617250582876967 -1.6947459928772113 -1.6672681917319965 -1.8932714850027343 -1.8692565245564621
2 0.06932622117274384 0.07412828454140441 -0.97970574861235926 -0.91037952743961548 -1.2067152762827325 -1.1325869917413285 -0.97363788564509357 -0.92703518226462656 -1.2002860252310448 -1.150531907753396
3 0.029732868150138494 0.03099715700855929 -1.0482647239328009 -1.0185318557826624 -1.2785875094774268 -1.2475903524688676 -1.0454285595399073 -1.0251741007131814 -1.2756420467407152 -1.2545378210373221
5 0.016396550238671769 0.016889011484011465 -1.0840445172436546 -1.067647967004983 -1.315543389969017 -1.2986543784850055 -1.0824710286143391 -1.0711949859960883 -1.3139260382045623 -1.3023145764186226
7 0.039691184796821016 0.045354121657270485 -0.73829726829829057 -0.69860608350146958 -0.94198549011915522 -0.89663136846188485 -0.73484606709510081 -0.70798413008759298 -0.93806313324258794 -0.90739590720303676
3 0.016438517671862416 0.018507486182306854 -0.77657186322367144 -0.76013334555180911 -0.98521716425341865 -0.96670967807111174 -0.77501425793792067 -0.76382675362252161 -0.98346737326423972 -0.9708757864209272
5 0.0088771251275609024 0.0099260265466597913 -0.7960359518118385 -0.78715882668427772 -1.0070151258472972 -0.99708909930063738 -0.79518715791121086 -0.78908525655569184 -1.0060671629080362 -0.99924535963739736
0 0.053011943316398719 0.056711201055651639 -1.4556860517440471 -1.3989748506883954 -1.6784034070505514 -1.6253914637341524 -1.4423300942175601 -1.4040583307770951 -1.6659914590556992 -1.6301765178882617
1 0.024823242186367556 0.026025417688470574 -1.365880787120306 -1.3398553694318356 -1.5940785651975815 -1.5692553230112138 -1.3601190079223522 -1.3423640713387697 -1.588598082110406 -1.571655813855714
4 0.014300371438225268 0.01483933833557563 -1.3225594025427119 -1.3077200642071363 -1.5526605980055939 -1.5383602265673686 -1.3193655916747244 -1.3091525154414712 -1.5495876888361846 -1.5397431856431381
0 0.024837584422790743 0.027810942858223719 -1.6123722431746326 -1.584561300316409 -1.820759054879231 -1.7959214704564401 -1.6056720360862071 -1.5869873620610708 -1.8147918144060735 -1.798095410650582
1 0.010652428623949207 0.011817006480263001 -1.5690744775450787 -1.5572574710648157 -1.7820111967052168 -1.7713587680812677 -1.5664313814041566 -1.558383080115312 -1.779631472029217 -1.7723748839369102
4 0.0058744107771397311 0.0064876245649284322 -1.5495736783604674 -1.5430860537955389 -1.7644143114521782 -1.7585399006750384 -1.5481692823033402 -1.5437081519983611 -1.7631435169079133 -1.7591036362430212
6 0.014220206100303306 0.016310797454024584 -1.6986060835014696 -1.6822952860474449 -1.8966313684618847 -1.8824111623615813 -1.6947459928772113 -1.68371078481485 -1.8932714850027343 -1.883647628157556
1 0.0058894464973513298 0.0067193632219101811 -1.6733513777444924 -1.6666320145225821 -1.8745879260294664 -1.8686984795321151 -1.6718406437404933 -1.6672681917319965 -1.8732646845024901 -1.8692565245564621
4 0.0031804177561917477 0.0036196064961967634 -1.6623107491441951 -1.6586911426479982 -1.8649054760438883 -1.8617250582876967 -1.6615249653910058 -1.6590370864036088 -1.8642152918140771 -1.8620291566477074
0 0.026019117841198067 0.027647942395995488 -0.97970574861235926 -0.95368663077116134 -1.2067152762827325 -1.179067333886737 -0.97363788564509357 -0.95604629759961846 -1.2002860252310448 -1.1815832559579402
1 0.012352447621924688 0.013257500801820643 -0.9381904702978392 -0.92583802267591442 -1.1625024626984501 -1.1492449618966294 -0.93546847682321599 -0.92703518226462656 -1.1595850921735644 -1.150531907753396
4 0.0071669623524415194 0.0077323374369926423 -0.917546489792057 -0.91037952743961548 -1.1403193291783209 -1.1325869917413285 -0.91600813587257968 -0.91107351345370935 -1.1386609724564771 -1.1333364257751377
0 0.01182648683671279 0.012297958300356578 -1.0482647239328009 -1.0364382370960881 -1.2785875094774268 -1.2662895511770702 -1.0454285595399073 -1.0374756237701093 -1.2756420467407152 -1.2673699496109014
1 0.005103209063824974 0.0053295236032851346 -1.0297900711363166 -1.0246868620724916 -1.2593581634835715 -1.2540286398802865 -1.0286509372961028 -1.0251741007131814 -1.2581691835816613 -1.2545378210373221
4 0.0028225028941834011 0.0029538099863468618 -1.0213543586768459 -1.0185318557826624 -1.2505441624552145 -1.2475903524688676 -1.0207440462306911 -1.018802855209894 -1.2499056588219155 -1.247874062407121
6 0.0066664639256527151 0.0068572369452993276 -1.0840445172436546 -1.077378053318002 -1.315543389969017 -1.3086861530237175 -1.0824710286143391 -1.077958429941454 -1.3139260382045623 -1.3092836520570994
1 0.0027704311617406858 0.002856487145385991 -1.07370277557406 -1.0709323444123193 -1.3049001675852514 -1.3020436804398652 -1.0730805864811332 -1.0711949859960883 -1.3042588469135377 -1.3023145764186226
4 0.0014984728955263133 0.0015467350204092867 -1.0691464399005093 -1.067647967004983 -1.3002011135054148 -1.2986543784850055 -1.0688213329396097 -1.0677912842083523 -1.2998655914119623 -1.2988023399774071
0 0.014873569612789321 0.016932849879985529 -0.73829726829829057 -0.72342369868550116 -0.94198549011915522 -0.92505264023916967 -0.73484606709510081 -0.72478065352071452 -0.93806313324258794 -0.92660057717439515
1 0.0071863285322343595 0.008230131883921743 -0.7144720023768123 -0.70728567384457786 -0.91482535860078529 -0.90659522671686377 -0.71289229719653313 -0.70798413008759298 -0.91301771634389839 -0.90739590720303676
8 0.0038303509111031198 0.0044002903085145206 -0.70243643441257264 -0.69860608350146958 -0.90103165877039926 -0.89663136846188485 -0.70153447934329949 -0.69863645891803483 -0.89999595003357935 -0.89666628342457844
0 0.0065095189079275983 0.0073180530952349464 -0.77657186322367144 -0.77006234431574372 -0.98521716425341865 -0.97789911115818362 -0.77501425793792067 -0.77063486855590113 -0.98346737326423972 -0.97854331249523097
1 0.0028300378456501017 0.0031894142176315653 -0.76638627804159976 -0.7635562401959497 -0.97376022018663522 -0.9705708059690038 -0.76575518165771517 -0.76382675362252161 -0.97304921455060867 -0.9708757864209272
4 0.0015709397038454727 0.0017725530300792547 -0.76170428525565448 -0.76013334555180911 -0.96848223110119103 -0.96670967807111174 -0.76136478655996898 -0.76028427340500704 -0.96809923122142438 -0.96688001171308668
6 0.0036006160009429524 0.0040229257953953365 -0.7960359518118385 -0.79243533581089554 -1.0070151258472972 -1.002992200051902 -0.79518715791121086 -0.7927492706092012 -1.0060671629080362 -1.0033431256022431
1 0.0015025139720294656 0.0016809901330542185 -0.79044524182626086 -0.78894272785423147 -1.0007668588152165 -0.9990858686821622 -0.79010798230532209 -0.78908525655569184 -1.0003896027377068 -0.99924535963739736
4 0.0008142492521821125 0.00091154180205613687 -0.78797307593645982 -0.78715882668427772 -0.9980006411026936 -0.99708909930063738 -0.78779646834460426 -0.78723672921995036 -0.99780294971715244 -0.9971763196820671
3 1 1 -1.632597655181331 -0.63259765518133104 -1.6986060835014696 -0.69860608350146958 -1.5345146354788142 -0.8506897449624411 -1.6056720360862071 -0.92703518226462656
0 0.39088601929433331 0.40516912914492259 -1.632597655181331 -1.2274285260364086 -1.6986060835014696 -1.3077200642071363 -1.5345146354788142 -1.2625694181504219 -1.6056720360862071 -1.3423640713387697
1 0.1694237387095007 0.17366498980403922 -1.0040142230544147 -0.83459048434491412 -1.0840445172436546 -0.91037952743961548 -0.96604086636530706 -0.8506897449624411 -1.0454285595399073 -0.92703518226462656
4 0.092311674517078807 0.097429868310369011 -0.72490932969840993 -0.63259765518133104 -0.7960359518118385 -0.69860608350146958 -0.7049034814795242 -0.64143774921533014 -0.77501425793792067 -0.70798413008759298
2 0.14796598753691065 0.15111765788910916 -1.3785461839255175 -1.2274285260364086 -1.4556860517440471 -1.3077200642071363 -1.3647946994430118 -1.2625694181504219 -1.4423300942175601 -1.3423640713387697
3 0.06928618937909356 0.072462624593875646 -1.5415488024674162 -1.4690861778735407 -1.6123722431746326 -1.5430860537955389 -1.5345146354788142 -1.4850318925528105 -1.6056720360862071 -1.558383080115312
5 0.039914940853471359 0.042263279731654335 -1.632597655181331 -1.5903343754496768 -1.6986060835014696 -1.6586911426479982 -1.6285014112616358 -1.5993985936891508 -1.6947459928772113 -1.6672681917319965
2 0.067217973350414364 0.06932622117274384 -0.90180845769532847 -0.83459048434491412 -0.97970574861235926 -0.91037952743961548 -0.89590323413224504 -0.8506897449624411 -0.97363788564509357 -0.92703518226462656
3 0.029130020348632765 0.029732868150138494 -0.96882394015757733 -0.93969391980894457 -1.0482647239328009 -1.0185318557826624 -0.96604086636530706 -0.94619262613147836 -1.0454285595399073 -1.0251741007131814
5 0.016144884873995236 0.016396550238671769 -1.0040142230544147 -0.98786933818041955 -1.0840445172436546 -1.067647967004983 -1.0024635260522783 -0.99135926058534374 -1.0824710286143391 -1.0711949859960883
7 0.03748017020298744 0.039691184796821016 -0.67007782538431859 -0.63259765518133104 -0.73829726829829057 -0.69860608350146958 -0.66681202523100402 -0.64143774921533014 -0.73484606709510081 -0.70798413008759298
3 0.015612939329025816 0.016438517671862416 -0.70638414015766515 -0.6907712008286393 -0.77657186322367144 -0.76013334555180911 -0.7049034814795242 -0.69427652055468381 -0.77501425793792067 -0.76382675362252161
5 0.0084541182237550336 0.0088771251275609024 -0.72490932969840993 -0.71645521147465496 -0.7960359518118385 -0.78715882668427772 -0.72410060426527356 -0.71828910248203381 -0.79518715791121086 -0.78908525655569184
0 0.056711201055651639 0.058237960549356038 -1.3785461839255175 -1.3203082233761618 -1.4556860517440471 -1.3989748506883954 -1.3647946994430118 -1.3255122972202724 -1.4423300942175601 -1.4040583307770951
1 0.026025417688470574 0.026487123364186412 -1.2865069432573264 -1.2600198198931398 -1.365880787120306 -1.3398553694318356 -1.2806357960624768 -1.2625694181504219 -1.3601190079223522 -1.3423640713387697
4 0.01483933833557563 0.015034274010099999 -1.2424628000465086 -1.2274285260364086 -1.3225594025427119 -1.3077200642071363 -1.239224771849714 -1.2288786272290753 -1.3193655916747244 -1.3091525154414712
0 0.027810942858223719 0.029159529570114251 -1.5415488024674162 -1.5123892728973019 -1.6123722431746326 -1.584561300316409 -1.5345146354788142 -1.5149290377398199 -1.6056720360862071 -1.5869873620610708
1 0.011817006480263001 0.01233678494863483 -1.4961943230209571 -1.4838575380723222 -1.5690744775450787 -1.5572574710648157 -1.4934334261185649 -1.4850318925528105 -1.5664313814041566 -1.558383080115312
4 0.0064876245649284322 0.0067591133786639715 -1.4758452912522044 -1.4690861778735407 -1.5495736783604674 -1.5430860537955389 -1.4743816724688048 -1.4697340778015833 -1.5481692823033402 -1.5437081519983611
6 0.016310797454024584 0.017295437073076902 -1.632597655181331 -1.6153022181082544 -1.6986060835014696 -1.6822952860474449 -1.6285014112616358 -1.6168017946497302 -1.6947459928772113 -1.68371078481485
1 0.0067193632219101811 0.007107125268082274 -1.6058330801039262 -1.5987259548358439 -1.6733513777444924 -1.6666320145225821 -1.6042346539917356 -1.5993985936891508 -1.6718406437404933 -1.6672681917319965
4 0.0036196064961967634 0.0038240347791269141 -1.5941584102288036 -1.5903343754496768 -1.6623107491441951 -1.6586911426479982 -1.5933281027614774 -1.590699784110414 -1.6615249653910058 -1.6590370864036088
0 0.02529204047889828 0.026019117841198067 -0.90180845769532847 -0.87651641721643014 -0.97970574861235926 -0.95368663077116134 -0.89590323413224504 -0.87880695733268499 -0.97363788564509357 -0.95604629759961846
1 0.011958453413079074 0.012352447621924688 -0.86148998170886493 -0.84953152829578593 -0.9381904702978392 -0.92583802267591442 -0.85885331990738978 -0.8506897449624411 -0.93546847682321599 -0.92703518226462656
4 0.0069236916736995363 0.0071669623524415194 -0.84151417601861356 -0.83459048434491412 -0.917546489792057 -0.91037952743961548 -0.84002754869471086 -0.83526065986827747 -0.91600813587257968 -0.91107351345370935
0 0.011598946318243059 0.01182648683671279 -0.96882394015757733 -0.95722499383933424 -1.0482647239328009 -1.0364382370960881 -0.96604086636530706 -0.95824177328396432 -1.0454285595399073 -1.0374756237701093
1 0.0049961021410917499 0.005103209063824974 -0.95071184575754752 -0.94571574361645572 -1.0297900711363166 -1.0246868620724916 -0.94959635939402109 -0.94619262613147836 -1.0286509372961028 -1.0251741007131814
4 0.0027608866405444063 0.0028225028941834011 -0.94245480644948898 -0.93969391980894457 -1.0213543586768459 -1.0185318557826624 -0.94185773945928952 -0.9399589633379718 -1.0207440462306911 -1.018802855209894
6 0.0065679217967305826 0.0066664639256527151 -1.0040142230544147 -0.99744630125768419 -1.0840445172436546 -1.077378053318002 -1.0024635260522783 -0.99801789296283461 -1.0824710286143391 -1.077958429941454
1 0.0027267693789895363 0.0027704311617406858 -0.99382756593697508 -0.99110079655798555 -1.07370277557406 -1.0709323444123193 -0.99321510467304708 -0.99135926058534374 -1.0730805864811332 -1.0711949859960883
4 0.0014741732557947422 0.0014984728955263133 -0.98934351143621435 -0.98786933818041955 -1.0691464399005093 -1.067647967004983 -0.98902365430236261 -0.98801032001406308 -1.0688213329396097 -1.0677912842083523
0 0.014065233014755932 0.014873569612789321 -0.67007782538431859 -0.65601259236956266 -0.73829726829829057 -0.72342369868550116 -0.66681202523100402 -0.65729479519693412 -0.73484606709510081 -0.72478065352071452
1 0.0067800511280798892 0.0071863285322343595 -0.647559078726888 -0.64077902759880812 -0.7144720023768123 -0.70728567384457786 -0.64606819780417624 -0.64143774921533014 -0.71289229719653313 -0.70798413008759298
8 0.0036094711040347977 0.0038303509111031198 -0.63620712628536591 -0.63259765518133104 -0.70243643441257264 -0.69860608350146958 -0.63535703900000473 -0.63262627268369553 -0.70153447934329949 -0.69863645891803483
0 0.0061861641184379557 0.0065095189079275983 -0.70638414015766515 -0.70019797603922718 -0.77657186322367144 -0.77006234431574372 -0.7049034814795242 -0.70074187289633372 -0.77501425793792067 -0.77063486855590113
1 0.0026868505883176626 0.0028300378456501017 -0.69670658267415209 -0.69401973208583434 -0.76638627804159976 -0.7635562401959497 -0.69610734039563893 -0.69427652055468381 -0.76575518165771517 -0.76382675362252161
4 0.0014907551313101219 0.0015709397038454727 -0.69226195595994955 -0.6907712008286393 -0.76170428525565448 -0.76013334555180911 -0.69193976305662197 -0.69091441314546331 -0.76136478655996898 -0.76028427340500704
6 0.0034300946888755311 0.0036006160009429524 -0.72490932969840993 -0.72147923500953448 -0.7960359518118385 -0.79243533581089554 -0.72410060426527356 -0.72177824499369325 -0.79518715791121086 -0.7927492706092012
1 0.001430600166625847 0.0015025139720294656 -0.71958400643912757 -0.71815340627250168 -0.79044524182626086 -0.78894272785423147 -0.71926286717048815 -0.71828910248203381 -0.79010798230532209 -0.78908525655569184
4 0.00077508545115182251 0.0008142492521821125 -0.71723029692580664 -0.71645521147465496 -0.78797307593645982 -0.78715882668427772 -0.71706217757857937 -0.71652936387380251 -0.78779646834460426 -0.78723672921995036
4 1 1 0.60195231248478698 1.601952312484787 0.6350051969487982 1.6350051969487982 0.81527855849069875 1.5044330850538268 0.85392730216072965 1.5403546951872933
7 0.40290532030144549 0.41087676965835984 1.191075542826427 1.601952312484787 1.2320998766473528 1.6350051969487982 1.2266093656412458 1.5044330850538268 1.267374508058086 1.5403546951872933
3 0.16766494111707658 0.17006853200584421 0.79942667021814007 0.96709161133521671 0.83776677093613605 1.0078353029419804 0.81527855849069875 0.92934956985651329 0.85392730216072965 0.96971742715525777
5 0.089922890665901034 0.092662994523095871 0.60195231248478698 0.69187520315068807 0.6350051969487982 0.7276681914718941 0.61054019680504235 0.67234098554627031 0.64387893463519008 0.7075862049448971
0 0.15169278185643648 0.15339983237627364 1.191075542826427 1.3444753752027006 1.2320998766473528 1.3837926585037892 1.2266093656412458 1.3304521441414425 1.267374508058086 1.3699888385866115
1 0.07273840303513468 0.07455926559181647 1.4371274272856449 1.5116866928774615 1.4746772297914066 1.5474156328265414 1.4535034077713915 1.5044330850538268 1.4906836307122204 1.5403546951872933
8 0.038618322882071954 0.039863567002440758 1.5620887454823462 1.601952312484787 1.5963868740667262 1.6350051969487982 1.5714715456456321 1.6016360072282829 1.6054855889310646 1.6346991660807988
0 0.066296466695579703 0.067473791684611664 0.79942667021814007 0.86572313691371983 0.83776677093613605 0.90524056262074781 0.81527855849069875 0.85988712125067202 0.85392730216072965 0.89931286494278606
1 0.028893872551334771 0.029240883454276737 0.90321860789227337 0.93211248044360806 0.94327020932257932 0.97251109277685588 0.90965982399931433 0.92934956985651329 0.94979364843818903 0.96971742715525777
4 0.016058096517681152 0.016206329117973581 0.95103351481753551 0.96709161133521671 0.99162897382400672 1.0078353029419804 0.95450322710889535 0.96554850711400286 0.99513217818450916 1.0062787042932431
6 0.036444907209934971 0.03762281233021695 0.60195231248478698 0.63839721969472185 0.6350051969487982 0.67262800927901512 0.61054019680504235 0.6352180784999184 0.64387893463519008 0.66934978013515833
1 0.015228600410701055 0.015672359093294123 0.65855726216288635 0.67378586257358741 0.69340013962431291 0.70907249871760702 0.66197493960425469 0.67234098554627031 0.69691879990509975 0.7075862049448971
4 0.0082579341711790603 0.0084862929284256674 0.68361726897950892 0.69187520315068807 0.71918189854346848 0.7276681914718941 0.68540821531277063 0.69108504721202846 0.72102276897791462 0.72685638818944431
2 0.05845960272796083 0.059300666721716924 1.2851747084809837 1.3444753752027006 1.3253330557758285 1.3837926585037892 1.2904643664646342 1.3304521441414425 1.3305569352974309 1.3699888385866115
3 0.026587928125754889 0.026833746653641664 1.2240284610617511 1.2508622077153926 1.2648152065332621 1.2914031346590169 1.2266093656412458 1.2449101419928681 1.267374508058086 1.2855096430372179
5 0.01509149148842354 0.015192208895530039 1.191075542826427 1.2062677517219571 1.2320998766473528 1.2471913681357762 1.1925402152040185 1.2029944237514714 1.2335554966388322 1.2439410166430223
2 0.029270504982028545 0.030046862228941706 1.4816398306485197 1.5116866928774615 1.5181451278445126 1.5474156328265414 1.4842545417090374 1.5044330850538268 1.5206945585305376 1.5403546951872933
3 0.012383736316217094 0.012680697541380395 1.4522967678476006 1.4649774653889809 1.4895048068704591 1.5018885431866762 1.4535034077713915 1.4621386910054595 1.4906836307122204 1.49911713885582
5 0.006784837229577575 0.0069393569208671107 1.4371274272856449 1.444066784206512 1.4746772297914066 1.4814620670209839 1.4377924682872474 1.4425638686145024 1.4753275954986456 1.4799928779934901
11 0.013555457544305316 0.014004324187144146 1.5879479882976428 1.601952312484787 1.6214497394044929 1.6350051969487982 1.5895024878298483 1.6016360072282829 1.6229550230381902 1.6346991660807988
3 0.0071341735835310947 0.0073605950068137008 1.5707750686446391 1.5781356636514527 1.6048103901470965 1.6119445637306278 1.5714715456456321 1.5764799238252853 1.6054855889310646 1.6103400543242679
5 0.0038385883004300489 0.0039577404484018057 1.5620887454823462 1.5660464859307481 1.5963868740667262 1.6002254623671563 1.5624668864557492 1.5651870605099849 1.5967536734006751 1.5993919949135558
2 0.024979691370356698 0.025388296990977763 0.84074344554336311 0.86572313691371983 0.87985226562976993 0.90524056262074781 0.84300398725116243 0.85988712125067202 0.88215152308943379 0.89931286494278606
3 0.011784666376777169 0.012003964925539616 0.81413757863311909 0.82592224500989619 0.85276467755013452 0.8647686424756742 0.81527855849069875 0.82332310479968041 0.85392730216072965 0.86212194605999859
5 0.0068152518300326134 0.0069500418771075989 0.79942667021814007 0.80624192204817269 0.83776677093613605 0.84471681281324362 0.80008621391011725 0.80477831722184379 0.83843949701521336 0.84322452767928491
2 0.011511566213157154 0.011643089617686325 0.92060091423045098 0.93211248044360806 0.96086800315916965 0.97251109277685588 0.92160968178013514 0.92934956985651329 0.96188865226559994 0.96971742715525777
3 0.0049536249151521522 0.0050151163193465865 0.90918706638910196 0.91414069130425413 0.94931495100247609 0.95433006732182268 0.90965982399931433 0.91303454743752333 0.94979364843818903 0.9532103356374525
5 0.0027361256907359782 0.0027713940299536307 0.90321860789227337 0.90595473358300938 0.94327020932257932 0.94604160335253273 0.90348125278555136 0.90536297918885711 0.94353626155494441 0.94544226404326126
7 0.006534680435846857 0.0065929180102346514 0.96055693089936989 0.96709161133521671 1.0012423849317456 1.0078353029419804 0.96112551711639682 0.96554850711400286 1.0018161520020636 1.0062787042932431
3 0.0027114886670337873 0.0027371469248378302 0.95424623244054141 0.95695772110757527 0.9948727304940973 0.99760987741893525 0.95450322710889535 0.95634864955446641 0.99513217818450916 0.99699508524836888
5 0.001465538835920311 0.0014797836681267184 0.95103351481753551 0.95249905365345588 0.99162897382400672 0.99310875749213334 0.9511736647367276 0.95218105785075857 0.99177049220667179 0.99278768304518694
2 0.01368718146140498 0.014118762514391012 0.62471003823331683 0.63839721969472185 0.65850924676462408 0.67262800927901512 0.62595725680329539 0.6352180784999184 0.6597963294027821 0.66934978013515833
3 0.0065896889736988887 0.0068058546639335332 0.60990009784574317 0.61648978681944211 0.64321770605426154 0.650023560718195 0.61054019680504235 0.6150405149817223 0.64387893463519008 0.64852700579707001
9 0.003505893858773021 0.0036232080383567233 0.60195231248478698 0.60545820634355996 0.6350051969487982 0.6386284049871549 0.60198010553396353 0.60463243881115947 0.63503392336372599 0.63777508243743775
2 0.0060357405271991502 0.0062097074375975503 0.66775012204638828 0.67378586257358741 0.70286279128000939 0.70907249871760702 0.66828069555864977 0.67234098554627031 0.7034087581011601 0.7075862049448971
3 0.0026201584149634222 0.0026970762111307345 0.66172454494692801 0.66434470336189133 0.69666103415004144 0.69935811036117213 0.66197493960425469 0.66376029541764692 0.69691879990509975 0.69875658748486902
5 0.0014533866109291613 0.0014964286509861725 0.65855726216288635 0.66001064877381554 0.69340013962431291 0.69489656827529922 0.65869687845115077 0.65969652023300829 0.69354389697893692 0.69457314916939938
7 0.0033510474326373945 0.0034431489519797269 0.68852415571805059 0.69187520315068807 0.72422504251991437 0.7276681914718941 0.68881624503464267 0.69108504721202846 0.72452519047703245 0.72685638818944431
3 0.0013972362298337771 0.0014360447483840735 0.68527568937400907 0.68667292560384274 0.72088655633540255 0.72232260108378665 0.68540821531277063 0.6863592644464328 0.72102276897791462 0.72200023962250059
5 0.00075690887318422321 0.00077803527333614457 0.68361726897950892 0.68437417785269306 0.71918189854346848 0.71995993381680456 0.68368968076601144 0.68420999782375169 0.71925633315200554 0.71979117464053721
5 1 1 -1.601952312484787 -0.60195231248478698 -1.6350051969487982 -0.6350051969487982 -1.5044330850538268 -0.81527855849069875 -1.5403546951872933 -0.85392730216072965
6 0.40290532030144549 0.41087676965835984 -1.601952312484787 -1.191075542826427 -1.6350051969487982 -1.2320998766473528 -1.5044330850538268 -1.2266093656412458 -1.5403546951872933 -1.267374508058086
1 0.16766494111707658 0.17006853200584421 -0.96709161133521671 -0.79942667021814007 -1.0078353029419804 -0.83776677093613605 -0.92934956985651329 -0.81527855849069875 -0.96971742715525777 -0.85392730216072965
4 0.089922890665901034 0.092662994523095871 -0.69187520315068807 -0.60195231248478698 -0.7276681914718941 -0.6350051969487982 -0.67234098554627031 -0.61054019680504235 -0.7075862049448971 -0.64387893463519008
2 0.15169278185643648 0.15339983237627364 -1.3444753752027006 -1.191075542826427 -1.3837926585037892 -1.2320998766473528 -1.3304521441414425 -1.2266093656412458 -1.3699888385866115 -1.267374508058086
3 0.07273840303513468 0.07455926559181647 -1.5116866928774615 -1.4371274272856449 -1.5474156328265414 -1.4746772297914066 -1.5044330850538268 -1.4535034077713915 -1.5403546951872933 -1.4906836307122204
9 0.038618322882071954 0.039863567002440758 -1.601952312484787 -1.5620887454823462 -1.6350051969487982 -1.5963868740667262 -1.6016360072282829 -1.5714715456456321 -1.6346991660807988 -1.6054855889310646
2 0.066296466695579703 0.067473791684611664 -0.86572313691371983 -0.79942667021814007 -0.90524056262074781 -0.83776677093613605 -0.85988712125067202 -0.81527855849069875 -0.89931286494278606 -0.85392730216072965
3 0.028893872551334771 0.029240883454276737 -0.93211248044360806 -0.90321860789227337 -0.97251109277685588 -0.94327020932257932 -0.92934956985651329 -0.90965982399931433 -0.96971742715525777 -0.94979364843818903
5 0.016058096517681152 0.016206329117973581 -0.96709161133521671 -0.95103351481753551 -1.0078353029419804 -0.99162897382400672 -0.96554850711400286 -0.95450322710889535 -1.0062787042932431 -0.99513217818450916
7 0.036444907209934971 0.03762281233021695 -0.63839721969472185 -0.60195231248478698 -0.67262800927901512 -0.6350051969487982 -0.6352180784999184 -0.61054019680504235 -0.66934978013515833 -0.64387893463519008
3 0.015228600410701055 0.015672359093294123 -0.67378586257358741 -0.65855726216288635 -0.70907249871760702 -0.69340013962431291 -0.67234098554627031 -0.66197493960425469 -0.7075862049448971 -0.69691879990509975
5 0.0082579341711790603 0.0084862929284256674 -0.69187520315068807 -0.68361726897950892 -0.7276681914718941 -0.71918189854346848 -0.69108504721202846 -0.68540821531277063 -0.72685638818944431 -0.72102276897791462
0 0.05845960272796083 0.059300666721716924 -1.3444753752027006 -1.2851747084809837 -1.3837926585037892 -1.3253330557758285 -1.3304521441414425 -1.2904643664646342 -1.3699888385866115 -1.3305569352974309
1 0.026587928125754889 0.026833746653641664 -1.2508622077153926 -1.2240284610617511 -1.2914031346590169 -1.2648152065332621 -1.2449101419928681 -1.2266093656412458 -1.2855096430372179 -1.267374508058086
4 0.01509149148842354 0.015192208895530039 -1.2062677517219571 -1.191075542826427 -1.2471913681357762 -1.2320998766473528 -1.2029944237514714 -1.1925402152040185 -1.2439410166430223 -1.2335554966388322
0 0.029270504982028545 0.030046862228941706 -1.5116866928774615 -1.4816398306485197 -1.5474156328265414 -1.5181451278445126 -1.5044330850538268 -1.4842545417090374 -1.5403546951872933 -1.5206945585305376
1 0.012383736316217094 0.012680697541380395 -1.4649774653889809 -1.4522967678476006 -1.5018885431866762 -1.4895048068704591 -1.4621386910054595 -1.4535034077713915 -1.49911713885582 -1.4906836307122204
4 0.006784837229577575 0.0069393569208671107 -1.444066784206512 -1.4371274272856449 -1.4814620670209839 -1.4746772297914066 -1.4425638686145024 -1.4377924682872474 -1.4799928779934901 -1.4753275954986456
10 0.013555457544305316 0.014004324187144146 -1.601952312484787 -1.5879479882976428 -1.6350051969487982 -1.6214497394044929 -1.6016360072282829 -1.5895024878298483 -1.6346991660807988 -1.6229550230381902
1 0.0071341735835310947 0.0073605950068137008 -1.5781356636514527 -1.5707750686446391 -1.6119445637306278 -1.6048103901470965 -1.5764799238252853 -1.5714715456456321 -1.6103400543242679 -1.6054855889310646
4 0.0038385883004300489 0.0039577404484018057 -1.5660464859307481 -1.5620887454823462 -1.6002254623671563 -1.5963868740667262 -1.5651870605099849 -1.5624668864557492 -1.5993919949135558 -1.5967536734006751
0 0.024979691370356698 0.025388296990977763 -0.86572313691371983 -0.84074344554336311 -0.90524056262074781 -0.87985226562976993 -0.85988712125067202 -0.84300398725116243 -0.89931286494278606 -0.88215152308943379
1 0.011784666376777169 0.012003964925539616 -0.82592224500989619 -0.81413757863311909 -0.8647686424756742 -0.85276467755013452 -0.82332310479968041 -0.81527855849069875 -0.86212194605999859 -0.85392730216072965
4 0.0068152518300326134 0.0069500418771075989 -0.80624192204817269 -0.79942667021814007 -0.84471681281324362 -0.83776677093613605 -0.80477831722184379 -0.80008621391011725 -0.84322452767928491 -0.83843949701521336
0 0.011511566213157154 0.011643089617686325 -0.93211248044360806 -0.92060091423045098 -0.97251109277685588 -0.96086800315916965 -0.92934956985651329 -0.92160968178013514 -0.96971742715525777 -0.96188865226559994
1 0.0049536249151521522 0.0050151163193465865 -0.91414069130425413 -0.90918706638910196 -0.95433006732182268 -0.94931495100247609 -0.91303454743752333 -0.90965982399931433 -0.9532103356374525 -0.94979364843818903
4 0.0027361256907359782 0.0027713940299536307 -0.90595473358300938 -0.90321860789227337 -0.94604160335253273 -0.94327020932257932 -0.90536297918885711 -0.90348125278555136 -0.94544226404326126 -0.94353626155494441
6 0.006534680435846857 0.0065929180102346514 -0.96709161133521671 -0.96055693089936989 -1.0078353029419804 -1.0012423849317456 -0.96554850711400286 -0.96112551711639682 -1.0062787042932431 -1.0018161520020636
1 0.0027114886670337873 0.0027371469248378302 -0.95695772110757527 -0.95424623244054141 -0.99760987741893525 -0.9948727304940973 -0.95634864955446641 -0.95450322710889535 -0.99699508524836888 -0.99513217818450916
4 0.001465538835920311 0.0014797836681267184 -0.95249905365345588 -0.95103351481753551 -0.99310875749213334 -0.99162897382400672 -0.95218105785075857 -0.9511736647367276 -0.99278768304518694 -0.99177049220667179
0 0.01368718146140498 0.014118762514391012 -0.63839721969472185 -0.62471003823331683 -0.67262800927901512 -0.65850924676462408 -0.6352180784999184 -0.62595725680329539 -0.66934978013515833 -0.6597963294027821
1 0.0065896889736988887 0.0068058546639335332 -0.61648978681944211 -0.60990009784574317 -0.650023560718195 -0.64321770605426154 -0.6150405149817223 -0.61054019680504235 -0.64852700579707001 -0.64387893463519008
8 0.003505893858773021 0.0036232080383567233 -0.60545820634355996 -0.60195231248478698 -0.6386284049871549 -0.6350051969487982 -0.60463243881115947 -0.60198010553396353 -0.63777508243743775 -0.63503392336372599
0 0.0060357405271991502 0.0062097074375975503 -0.67378586257358741 -0.66775012204638828 -0.70907249871760702 -0.70286279128000939 -0.67234098554627031 -0.66828069555864977 -0.7075862049448971 -0.7034087581011601
1 0.0026201584149634222 0.0026970762111307345 -0.66434470336189133 -0.66172454494692801 -0.69935811036117213 -0.69666103415004144 -0.66376029541764692 -0.66197493960425469 -0.69875658748486902 -0.69691879990509975
4 0.0014533866109291613 0.0014964286509861725 -0.66001064877381554 -0.65855726216288635 -0.69489656827529922 -0.69340013962431291 -0.65969652023300829 -0.65869687845115077 -0.69457314916939938 -0.69354389697893692
6 0.0033510474326373945 0.0034431489519797269 -0.69187520315068807 -0.68852415571805059 -0.7276681914718941 -0.72422504251991437 -0.69108504721202846 -0.68881624503464267 -0.72685638818944431 -0.72452519047703245
1 0.0013972362298337771 0.0014360447483840735 -0.68667292560384274 -0.68527568937400907 -0.72232260108378665 -0.72088655633540255 -0.6863592644464328 -0.68540821531277063 -0.72200023962250059 -0.72102276897791462
4 0.00075690887318422321 0.00077803527333614457 -0.68437417785269306 -0.68361726897950892 -0.71995993381680456 -0.71918189854346848 -0.68420999782375169 -0.68368968076601144 -0.71979117464053721 -0.71925633315200554
6 1 1 0.81459884905671742 1.8145988490567175 0.83482294409841151 1.8348229440984114 1.0495188091373819 1.7270481773893855 1.0721671665815808 1.7483400240628861
2 0.37334754287477517 0.37649734121888251 1.438101507837835 1.8145988490567175 1.4614754012236362 1.8348229440984114 1.472362211833627 1.7270481773893855 1.4956054180481904 1.7483400240628861
3 0.18053472955063815 0.18146381372159792 1.0319937547797899 1.212528484330428 1.0545131925453617 1.2359770062669595 1.0495188091373819 1.1728010344450848 1.0721671665815808 1.1961208214080226
9 0.095849622569338322 0.097020736985414968 0.81459884905671742 0.91044847162605591 0.83482294409841151 0.93184368108382643 0.81535840931213999 0.88786570985579416 0.83559277408117527 0.9090076366632871
0 0.14432713431578253 0.1450951372005278 1.438101507837835 1.5831966450383628 1.4614754012236362 1.6058025355394188 1.472362211833627 1.5702311187512088 1.4956054180481904 1.5929284614270061
1 0.065308502780416805 0.065990511383325373 1.6674097824857059 1.7334002938690314 1.689312977840943 1.7546214806213598 1.6820372677157089 1.7270481773893855 1.7037992329959224 1.7483400240628861
4 0.03697509817399075 0.037456669664060027 1.7771421793926574 1.8145988490567175 1.7978478459244207 1.8348229440984114 1.7852094630173119 1.8109860399967865 1.8058145362126246 1.8312581955271809
0 0.07264859386847744 0.073128646951555298 1.0319937547797899 1.1046423486482673 1.0545131925453617 1.127641839496917 1.0495188091373819 1.0983147313209072 1.0721671665815808 1.1212781040569901
1 0.030736095286485261 0.030862532218417404 1.1449907477353622 1.1757268430218475 1.1681950332766322 1.1990575654950497 1.1518692975861873 1.1728010344450848 1.1751040984590759 1.1961208214080226
4 0.01683978068222405 0.016889143980169823 1.1956887036482038 1.212528484330428 1.21908786228679 1.2359770062669595 1.1993351906848972 1.2109142944092015 1.2227456879488716 1.2343584163375378
10 0.033644275370112831 0.034084000900777511 0.81459884905671742 0.84824312442683025 0.83482294409841151 0.86890694499918886 0.81535840931213999 0.84450705156343142 0.83559277408117527 0.86512357332427547
1 0.017706823970935533 0.017914361556468542 0.87183471082423414 0.88954153479516973 0.8927883745926628 0.91070273614913133 0.875817059345121 0.88786570985579416 0.8968181468953027 0.9090076366632871
4 0.0095272713141591071 0.0096324268994147071 0.90092120031189671 0.91044847162605591 0.92221125418441163 0.93184368108382643 0.90298984376633629 0.909538085697981 0.92430294075378805 0.93092335411153937
2 0.054873203643178041 0.055231715179922834 1.5279649298584399 1.5831966450383628 1.5509293318962407 1.6058025355394188 1.5329348822411322 1.5702311187512088 1.5558703498637185 1.5929284614270061
3 0.025513599969170856 0.025630174132533063 1.4698872496331354 1.4955174237656688 1.4931409476570456 1.5186545476262165 1.472362211833627 1.4898517637804822 1.4956054180481904 1.5130161666291333
5 0.014644776194581322 0.014696995234664143 1.438101507837835 1.4527985030724992 1.4614754012236362 1.4761201774182178 1.4395216493499188 1.4496380969347427 1.4628907490031782 1.4729714877407458
2 0.026120375030730062 0.026407121892449037 1.7069931719765821 1.7334002938690314 1.7285011055906296 1.7546214806213598 1.70930108136336 1.7270481773893855 1.7307846895989998 1.7483400240628861
3 0.011166605763516938 0.011279054830926658 1.6809620522117599 1.6922411070426866 1.7027345918258088 1.7139011975893257 1.6820372677157089 1.6897200417775813 1.7037992329959224 1.7114055589680564
5 0.006148459513129919 0.0062077032539797532 1.6674097824857059 1.6736174857396855 1.689312977840943 1.6954614373540728 1.6680052971212753 1.6722741898624465 1.689902853411966 1.6941310479025464
7 0.015078901704112913 0.015279817319791705 1.7993190317369259 1.8145988490567175 1.8197440423942985 1.8348229440984114 1.8006465040607118 1.8109860399967865 1.8210543037332247 1.8312581955271809
3 0.0062336944753181751 0.006313517395153569 1.7846114442110439 1.7909249616061973 1.8052240331920733 1.8114577276673915 1.7852094630173119 1.7895060164883081 1.8058145362126246 1.8100568141028277
5 0.0033634592357229673 0.0034057167180746748 1.7771421793926574 1.7805478961107322 1.7978478459244207 1.8012113051601437 1.7774677587399754 1.7798086994229514 1.7981693987740053 1.8004813062839362
2 0.027174788650905973 0.027337584658593522 1.0774675599973613 1.1046423486482673 1.1003042548383237 1.127641839496917 1.079936540009049 1.0983147313209072 1.1027888531111283 1.1212781040569901
3 0.012970458463567258 0.013060942957560898 1.0482606678858619 1.0612311263494292 1.070900048142059 1.0839609910996197 1.0495188091373819 1.0583750780002739 1.0721671665815808 1.081085410697211
5 0.0075466125874861789 0.0076031511005119068 1.0319937547797899 1.0395403673672761 1.0545131925453617 1.0621163436458736 1.0327248695955809 1.037921230085739 1.0552498525339165 1.0604852063813244
2 0.012208716459391575 0.012255879795603863 1.1635181265624559 1.1757268430218475 1.1868016856994457 1.1990575654950497 1.1645899286185204 1.1728010344450848 1.1878777895941888 1.1961208214080226
3 0.005280387378072281 0.0053030162487610151 1.1513649636331673 1.1566453510112398 1.1745975706212732 1.1799005868700343 1.1518692975861873 1.1554670266238669 1.1751040984590759 1.1787172782065165
5 0.0029237748501620572 0.002936902047591432 1.1449907477353622 1.1479145225855243 1.1681950332766322 1.1711319353242235 1.1452715257567199 1.1472824195450544 1.168477081979806 1.1704970138608299
7 0.0068415712468841115 0.0068607028929159571 1.2056869130835439 1.212528484330428 1.2291163033740438 1.2359770062669595 1.2062828119045985 1.2109142944092015 1.2297139187900366 1.2343584163375378
3 0.0028468582715345143 0.0028554816314451305 1.1990652518418172 1.2019121101133519 1.2224749220476352 1.2253304036790804 1.1993351906848972 1.2012728620475115 1.2227456879488716 1.2246892383333519
5 0.001540735891866077 0.001545570566735692 1.1956887036482038 1.19722943954007 1.21908786228679 1.2206334328535258 1.1958360782754973 1.1968951932952043 1.2192357021338593 1.2202981432229725
2 0.016115747034039483 0.016322506022753161 0.83212737739279086 0.84824312442683025 0.85258443897643588 0.86890694499918886 0.83359922296772826 0.84450705156343142 0.85407546308576165 0.86512357332427547
3 0.0078110274907400301 0.0079158821676910129 0.81459884905671742 0.82240987654745745 0.83482294409841151 0.84273882626610241 0.81535840931213999 0.82069360762370014 0.83559277408117527 0.84099966169664386
-1
2 0.0070062996093608366 0.0070873934414907511 0.8825352351858089 0.88954153479516973 0.90361534270764066 0.91070273614913133 0.883151739023329 0.88786570985579416 0.90423903608781597 0.9090076366632871
3 0.0030500040072027603 0.0030860558758780557 0.8755254615904795 0.87857546559768229 0.89652309137352226 0.89960914724940033 0.875817059345121 0.87789543421605098 0.8968181468953027 0.89892109975998191
5 0.0016941185466350008 0.0017143459865771853 0.87183471082423414 0.87352882937086918 0.8927883745926628 0.89450272057924007 0.87199749120497749 0.87316274563826823 0.89295310194944466 0.89413227253105676
7 0.0038627234491581406 0.0039050586187057866 0.90658574817689774 0.91044847162605591 0.92793862246512049 0.93184368108382643 0.90692262254064193 0.909538085697981 0.92827920517512985 0.93092335411153937
3 0.0016130360340378788 0.001630929621973892 0.90283681463489596 0.90444985066893391 0.9241482110001531 0.92577914062212696 0.90298984376633629 0.90408781600639521 0.92430294075378805 0.925413096057629
5 0.00087443518028453742 0.00088418999366040793 0.90092120031189671 0.90179563549218122 0.92221125418441163 0.9230954441780721 0.90100486590321149 0.90160598326784958 0.92229585401632497 0.9229036780519323
7 1 1 -1.8145988490567175 -0.81459884905671742 -1.8348229440984114 -0.83482294409841151 -1.7270481773893855 -1.0495188091373819 -1.7483400240628861 -1.0721671665815808
0 0.37334754287477517 0.37649734121888251 -1.8145988490567175 -1.438101507837835 -1.8348229440984114 -1.4614754012236362 -1.7270481773893855 -1.472362211833627 -1.7483400240628861 -1.4956054180481904
1 0.18053472955063815 0.18146381372159792 -1.212528484330428 -1.0319937547797899 -1.2359770062669595 -1.0545131925453617 -1.1728010344450848 -1.0495188091373819 -1.1961208214080226 -1.0721671665815808
8 0.095849622569338322 0.097020736985414968 -0.91044847162605591 -0.81459884905671742 -0.93184368108382643 -0.83482294409841151 -0.88786570985579416 -0.81535840931213999 -0.9090076366632871 -0.83559277408117527
2 0.14432713431578253 0.1450951372005278 -1.5831966450383628 -1.438101507837835 -1.6058025355394188 -1.4614754012236362 -1.5702311187512088 -1.472362211833627 -1.5929284614270061 -1.4956054180481904
3 0.065308502780416805 0.065990511383325373 -1.7334002938690314 -1.6674097824857059 -1.7546214806213598 -1.689312977840943 -1.7270481773893855 -1.6820372677157089 -1.7483400240628861 -1.7037992329959224
5 0.03697509817399075 0.037456669664060027 -1.8145988490567175 -1.7771421793926574 -1.8348229440984114 -1.7978478459244207 -1.8109860399967865 -1.7852094630173119 -1.8312581955271809 -1.8058145362126246
2 0.07264859386847744 0.073128646951555298 -1.1046423486482673 -1.0319937547797899 -1.127641839496917 -1.0545131925453617 -1.0983147313209072 -1.0495188091373819 -1.1212781040569901 -1.0721671665815808
3 0.030736095286485261 0.030862532218417404 -1.1757268430218475 -1.1449907477353622 -1.1990575654950497 -1.1681950332766322 -1.1728010344450848 -1.1518692975861873 -1.1961208214080226 -1.1751040984590759
5 0.01683978068222405 0.016889143980169823 -1.212528484330428 -1.1956887036482038 -1.2359770062669595 -1.21908786228679 -1.2109142944092015 -1.1993351906848972 -1.2343584163375378 -1.2227456879488716
11 0.033644275370112831 0.034084000900777511 -0.84824312442683025 -0.81459884905671742 -0.86890694499918886 -0.83482294409841151 -0.84450705156343142 -0.81535840931213999 -0.86512357332427547 -0.83559277408117527
3 0.017706823970935533 0.017914361556468542 -0.88954153479516973 -0.87183471082423414 -0.91070273614913133 -0.8927883745926628 -0.88786570985579416 -0.875817059345121 -0.9090076366632871 -0.8968181468953027
5 0.0095272713141591071 0.0096324268994147071 -0.91044847162605591 -0.90092120031189671 -0.93184368108382643 -0.92221125418441163 -0.909538085697981 -0.90298984376633629 -0.93092335411153937 -0.92430294075378805
0 0.054873203643178041 0.055231715179922834 -1.5831966450383628 -1.5279649298584399 -1.6058025355394188 -1.5509293318962407 -1.5702311187512088 -1.5329348822411322 -1.5929284614270061 -1.5558703498637185
1 0.025513599969170856 0.025630174132533063 -1.4955174237656688 -1.4698872496331354 -1.5186545476262165 -1.4931409476570456 -1.4898517637804822 -1.472362211833627 -1.5130161666291333 -1.4956054180481904
4 0.014644776194581322 0.014696995234664143 -1.4527985030724992 -1.438101507837835 -1.4761201774182178 -1.4614754012236362 -1.4496380969347427 -1.4395216493499188 -1.4729714877407458 -1.4628907490031782
0 0.026120375030730062 0.026407121892449037 -1.7334002938690314 -1.7069931719765821 -1.7546214806213598 -1.7285011055906296 -1.7270481773893855 -1.70930108136336 -1.7483400240628861 -1.7307846895989998
1 0.011166605763516938 0.011279054830926658 -1.6922411070426866 -1.6809620522117599 -1.7139011975893257 -1.7027345918258088 -1.6897200417775813 -1.6820372677157089 -1.7114055589680564 -1.7037992329959224
4 0.006148459513129919 0.0062077032539797532 -1.6736174857396855 -1.6674097824857059 -1.6954614373540728 -1.689312977840943 -1.6722741898624465 -1.6680052971212753 -1.6941310479025464 -1.689902853411966
6 0.015078901704112913 0.015279817319791705 -1.8145988490567175 -1.7993190317369259 -1.8348229440984114 -1.8197440423942985 -1.8109860399967865 -1.8006465040607118 -1.8312581955271809 -1.8210543037332247
1 0.0062336944753181751 0.006313517395153569 -1.7909249616061973 -1.7846114442110439 -1.8114577276673915 -1.8052240331920733 -1.7895060164883081 -1.7852094630173119 -1.8100568141028277 -1.8058145362126246
4 0.0033634592357229673 0.0034057167180746748 -1.7805478961107322 -1.7771421793926574 -1.8012113051601437 -1.7978478459244207 -1.7798086994229514 -1.7774677587399754 -1.8004813062839362 -1.7981693987740053
0 0.027174788650905973 0.027337584658593522 -1.1046423486482673 -1.0774675599973613 -1.127641839496917 -1.1003042548383237 -1.0983147313209072 -1.079936540009049 -1.1212781040569901 -1.1027888531111283
1 0.012970458463567258 0.013060942957560898 -1.0612311263494292 -1.0482606678858619 -1.0839609910996197 -1.070900048142059 -1.0583750780002739 -1.0495188091373819 -1.081085410697211 -1.0721671665815808
4 0.0075466125874861789 0.0076031511005119068 -1.0395403673672761 -1.0319937547797899 -1.0621163436458736 -1.0545131925453617 -1.037921230085739 -1.0327248695955809 -1.0604852063813244 -1.0552498525339165
0 0.012208716459391575 0.012255879795603863 -1.1757268430218475 -1.1635181265624559 -1.1990575654950497 -1.1868016856994457 -1.1728010344450848 -1.1645899286185204 -1.1961208214080226 -1.1878777895941888
1 0.005280387378072281 0.0053030162487610151 -1.1566453510112398 -1.1513649636331673 -1.1799005868700343 -1.1745975706212732 -1.1554670266238669 -1.1518692975861873 -1.1787172782065165 -1.1751040984590759
4 0.0029237748501620572 0.002936902047591432 -1.1479145225855243 -1.1449907477353622 -1.1711319353242235 -1.1681950332766322 -1.1472824195450544 -1.1452715257567199 -1.1704970138608299 -1.168477081979806
6 0.0068415712468841115 0.0068607028929159571 -1.212528484330428 -1.2056869130835439 -1.2359770062669595 -1.2291163033740438 -1.2109142944092015 -1.2062828119045985 -1.2343584163375378 -1.2297139187900366
1 0.0028468582715345143 0.0028554816314451305 -1.2019121101133519 -1.1990652518418172 -1.2253304036790804 -1.2224749220476352 -1.2012728620475115 -1.1993351906848972 -1.2246892383333519 -1.2227456879488716
4 0.001540735891866077 0.001545570566735692 -1.19722943954007 -1.1956887036482038 -1.2206334328535258 -1.21908786228679 -1.1968951932952043 -1.1958360782754973 -1.2202981432229725 -1.2192357021338593
0 0.016115747034039483 0.016322506022753161 -0.84824312442683025 -0.83212737739279086 -0.86890694499918886 -0.85258443897643588 -0.84450705156343142 -0.83359922296772826 -0.86512357332427547 -0.85407546308576165
1 0.0078110274907400301 0.0079158821676910129 -0.82240987654745745 -0.81459884905671742 -0.84273882626610241 -0.83482294409841151 -0.82069360762370014 -0.81535840931213999 -0.84099966169664386 -0.83559277408117527
-1
0 0.0070062996093608366 0.0070873934414907511 -0.88954153479516973 -0.8825352351858089 -0.91070273614913133 -0.90361534270764066 -0.88786570985579416 -0.883151739023329 -0.9090076366632871 -0.90423903608781597
1 0.0030500040072027603 0.0030860558758780557 -0.87857546559768229 -0.8755254615904795 -0.89960914724940033 -0.89652309137352226 -0.87789543421605098 -0.875817059345121 -0.89892109975998191 -0.8968181468953027
4 0.0016941185466350008 0.0017143459865771853 -0.87352882937086918 -0.87183471082423414 -0.89450272057924007 -0.8927883745926628 -0.87316274563826823 -0.87199749120497749 -0.89413227253105676 -0.89295310194944466
6 0.0038627234491581406 0.0039050586187057866 -0.91044847162605591 -0.90658574817689774 -0.93184368108382643 -0.92793862246512049 -0.909538085697981 -0.90692262254064193 -0.93092335411153937 -0.92827920517512985
1 0.0016130360340378788 0.001630929621973892 -0.90444985066893391 -0.90283681463489596 -0.92577914062212696 -0.9241482110001531 -0.90408781600639521 -0.90298984376633629 -0.925413096057629 -0.92430294075378805
4 0.00087443518028453742 0.00088418999366040793 -0.90179563549218122 -0.90092120031189671 -0.9230954441780721 -0.92221125418441163 -0.90160598326784958 -0.90100486590321149 -0.9229036780519323 -0.92229585401632497
8 1 1 0.66709265108675964 1.6670926510867599 0.66853623937575968 1.6685362393757597 0.90246547065184157 1.6591579558176495 0.9041424020805231 1.6606117401960878
11 0.35101103654085142 0.35130634913545727 1.3157863019513023 1.6670926510867599 1.3175252028349083 1.6685362393757597 1.3547817970636731 1.6591579558176495 1.3565036856212764 1.6606117401960878
3 0.18464466580130789 0.18473545848473499 0.88499395334004083 1.0696386191413487 0.88665850496696619 1.0713939634517011 0.90246547065184157 1.0281034543111156 0.9041424020805231 1.0298460844498214
5 0.099282145226981103 0.099398109859712827 0.66709265108675964 0.76637479631374084 0.66853623937575968 0.76793434923547244 0.67657853009451618 0.74481562623970932 0.67803430419511979 0.74635217291607114
0 0.16813573806596077 0.16823729163392054 1.3157863019513023 1.4840235935852231 1.3175252028349083 1.485660940900869 1.3547817970636731 1.4686554964582137 1.3565036856212764 1.4703051623856984
1 0.081492522154580749 0.081589590160308534 1.5855030609264511 1.6670926510867599 1.5870437172211789 1.6685362393757597 1.6034287603541948 1.6591579558176495 1.6049495667983724 1.6606117401960878
-1
0 0.073050294830848295 0.073096788714972993 0.88499395334004083 0.95804424817088907 0.88665850496696619 0.95975529368193935 0.90246547065184157 0.95161579380582839 0.9041424020805231 0.95332330343519578
1 0.03180820896404836 0.031820720055484433 0.99933640470071006 1.0311446136647584 1.0010676064692119 1.0328883265246964 1.0064281616878974 1.0281034543111156 1.0081623801720454 1.0298460844498214
4 0.017669892435829476 0.017674754487525098 1.0519687267055191 1.0696386191413487 1.0537192089641763 1.0713939634517011 1.0557869624733938 1.0679407619419483 1.0575385639369734 1.0696956742317769
6 0.040249731552676506 0.040299829520599469 0.66709265108675964 0.70734238263943627 0.66853623937575968 0.70883606889635908 0.67657853009451618 0.70383197114812224 0.67803430419511979 0.70532145553937375
1 0.016810113720524177 0.016828819882634335 0.72960032367443617 0.74641043739496027 0.73111990737906885 0.74794872726170314 0.73337317240628042 0.74481562623970932 0.73489701836640497 0.74635217291607114
4 0.0091134124634955835 0.0091229903346981243 0.75726138385024533 0.76637479631374084 0.75881135890077434 0.76793434923547244 0.7592379316697967 0.76550281951226595 0.76079000231373717 0.76706146534639696
2 0.064955649402204996 0.065003577201832086 1.4190200163833908 1.4840235935852231 1.420705291498664 1.485660940900869 1.4248200608644987 1.4686554964582137 1.4265015041316431 1.4703051623856984
3 0.029423573183140136 0.029438809630202539 1.3519499649430129 1.3813887745732156 1.3536732215703093 1.3830967947534494 1.3547817970636731 1.3748596058343898 1.3565036856212764 1.3765711989926364
5 0.016667251247406853 0.016674043448432031 1.3157863019513023 1.3324603453997346 1.3175252028349083 1.3341924540823151 1.3173939558363068 1.3288679701742516 1.3191322332140112 1.3306016030891172
2 0.032830995566721144 0.032872175864313846 1.6342204752224458 1.6670926510867599 1.6357052438090385 1.6685362393757597 1.6370814695005003 1.6591579558176495 1.6385627650832366 1.6606117401960878
3 0.013862840337128209 0.013878732525022697 1.6021080392717311 1.6159867717967538 1.6036303365804772 1.6174931769176053 1.6034287603541948 1.6128799625590815 1.6049495667983724 1.6143899685102769
5 0.0075881282769716066 0.0075964385891187491 1.5855030609264511 1.5930994995155698 1.5870437172211789 1.5946318454981505 1.5862310986121786 1.5914543221856803 1.5877709649225542 1.5929884806199024
-1
-1
-1
2 0.02751832368107417 0.027534212600276504 0.93052592448981486 0.95804424817088907 0.93222108108166268 0.95975529368193935 0.9330165049987803 0.95161579380582839 0.93471318049930363 0.95332330343519578
3 0.012986962269466426 0.012995693600803186 0.90120801357035707 0.91419497583982356 0.9028840804554934 0.91587977405629672 0.90246547065184157 0.91133080776317266 0.9041424020805231 0.91301371797227771
5 0.0075119497748905653 0.0075173695932113944 0.88499395334004083 0.89250590311493128 0.88665850496696619 0.89417587456017755 0.88572094385477862 0.89089272591186108 0.8873860264003014 0.89256154580797664
2 0.012671476526202978 0.012676146108133883 1.0184731371385554 1.0311446136647584 1.0202121804165625 1.0328883265246964 1.0195836113409549 1.0281034543111156 1.0213230804901796 1.0298460844498214
3 0.005453617237136674 0.0054558557459357367 1.0059076739007824 1.0113612911379188 1.0076416754139033 1.0130975311598389 1.0064281616878974 1.0101435242772212 1.0081623801720454 1.0118792711405171
5 0.0030125251750197819 0.003013822590931089 0.99933640470071006 1.0023489298757298 1.0010676064692119 1.0040814290601432 0.99962558545586389 1.0016974048278047 1.0013569127883579 1.0034296254124162
7 0.0071902158324737139 0.0071920965908571256 1.062448403308875 1.0696386191413487 1.0642018668608442 1.0713939634517011 1.0630740481254561 1.0679407619419483 1.0648276806538537 1.0696956742317769
3 0.002983759526488731 0.0029846100007109022 1.0555041582584246 1.0584879177849131 1.0572556781226197 1.0602402881233306 1.0557869624733938 1.0578176946343978 1.0575385639369734 1.0595698759467145
5 0.0016127657619515253 0.001613243109547538 1.0519687267055191 1.0535814924674707 1.0537192089641763 1.0553324520737237 1.0521229570805217 1.0532315532084995 1.0538734852800875 1.0549824098124925
2 0.015114258671619783 0.015132577749765411 0.69222812396781641 0.70734238263943627 0.69370349114659369 0.70883606889635908 0.69360547466689526 0.70383197114812224 0.69508253581688706 0.70532145553937375
3 0.0072781961251760846 0.0072874008098515039 0.67587152930875805 0.68314972543393404 0.67732640323737647 0.68461380404722794 0.67657853009451618 0.6815490744415863 0.67803430419511979 0.6830111405235787
9 0.0038725948585295006 0.0038775979255644098 0.66709265108675964 0.67096524594528917 0.66853623937575968 0.67241383730132409 0.6671233517420363 0.67005311996683337 0.66856697984687263 0.67150053643945373
2 0.0066622310728400354 0.0066695569785292855 0.73974820632212024 0.74641043739496027 0.74127917028317392 0.74794872726170314 0.7403338690526472 0.74481562623970932 0.74186548163890154 0.74635217291607114
3 0.0028923637019566458 0.002895608304699062 0.73309676099951959 0.73598912470147626 0.73462029594742329 0.73751590425212243 0.73337317240628042 0.73534401036080144 0.73489701836640497 0.73687006811569
5 0.0016044422015292555 0.0016062592858219226 0.72960032367443617 0.73120476587596539 0.73111990737906885 0.73272616666489077 0.7297544518673823 0.73085799097981208 0.73127421041754925 0.73237899960083153
7 0.0036981003715475316 0.0037019609458661725 0.76267669594219334 0.76637479631374084 0.76423238828960627 0.76793434923547244 0.76299904095467563 0.76550281951226595 0.76455507122172539 0.76706146534639696
3 0.0015420119760499889 0.0015436404041031507 0.7590916729528091 0.76063368492885908 0.76064358887652272 0.76218722928062588 0.7592379316697967 0.76028752554300671 0.76079000231373717 0.76184070487360778
5 0.00083535441384228895 0.00083624131840012445 0.75726138385024533 0.75809673826408752 0.75881135890077434 0.75964760021917455 0.75734130064191352 0.7579155433034207 0.75889136061931328 0.75946621303578676
9 1 1 -1.6670926510867599 -0.66709265108675964 -1.6685362393757597 -0.66853623937575968 -1.6591579558176495 -0.90246547065184157 -1.6606117401960878 -0.9041424020805231
10 0.35101103654085142 0.35130634913545727 -1.6670926510867599 -1.3157863019513023 -1.6685362393757597 -1.3175252028349083 -1.6591579558176495 -1.3547817970636731 -1.6606117401960878 -1.3565036856212764
1 0.18464466580130789 0.18473545848473499 -1.0696386191413487 -0.88499395334004083 -1.0713939634517011 -0.88665850496696619 -1.0281034543111156 -0.90246547065184157 -1.0298460844498214 -0.9041424020805231
4 0.099282145226981103 0.099398109859712827 -0.76637479631374084 -0.66709265108675964 -0.76793434923547244 -0.66853623937575968 -0.74481562623970932 -0.67657853009451618 -0.74635217291607114 -0.67803430419511979
2 0.16813573806596077 0.16823729163392054 -1.4840235935852231 -1.3157863019513023 -1.485660940900869 -1.3175252028349083 -1.4686554964582137 -1.3547817970636731 -1.4703051623856984 -1.3565036856212764
3 0.081492522154580749 0.081589590160308534 -1.6670926510867599 -1.5855030609264511 -1.6685362393757597 -1.5870437172211789 -1.6591579558176495 -1.6034287603541948 -1.6606117401960878 -1.6049495667983724
-1
2 0.073050294830848295 0.073096788714972993 -0.95804424817088907 -0.88499395334004083 -0.95975529368193935 -0.88665850496696619 -0.95161579380582839 -0.90246547065184157 -0.95332330343519578 -0.9041424020805231
3 0.03180820896404836 0.031820720055484433 -1.0311446136647584 -0.99933640470071006 -1.0328883265246964 -1.0010676064692119 -1.0281034543111156 -1.0064281616878974 -1.0298460844498214 -1.0081623801720454
5 0.017669892435829476 0.017674754487525098 -1.0696386191413487 -1.0519687267055191 -1.0713939634517011 -1.0537192089641763 -1.0679407619419483 -1.0557869624733938 -1.0696956742317769 -1.0575385639369734
7 0.040249731552676506 0.040299829520599469 -0.70734238263943627 -0.66709265108675964 -0.70883606889635908 -0.66853623937575968 -0.70383197114812224 -0.67657853009451618 -0.70532145553937375 -0.67803430419511979
3 0.016810113720524177 0.016828819882634335 -0.74641043739496027 -0.72960032367443617 -0.74794872726170314 -0.73111990737906885 -0.74481562623970932 -0.73337317240628042 -0.74635217291607114 -0.73489701836640497
5 0.0091134124634955835 0.0091229903346981243 -0.76637479631374084 -0.75726138385024533 -0.76793434923547244 -0.75881135890077434 -0.76550281951226595 -0.7592379316697967 -0.76706146534639696 -0.76079000231373717
0 0.064955649402204996 0.065003577201832086 -1.4840235935852231 -1.4190200163833908 -1.485660940900869 -1.420705291498664 -1.4686554964582137 -1.4248200608644987 -1.4703051623856984 -1.4265015041316431
1 0.029423573183140136 0.029438809630202539 -1.3813887745732156 -1.3519499649430129 -1.3830967947534494 -1.3536732215703093 -1.3748596058343898 -1.3547817970636731 -1.3765711989926364 -1.3565036856212764
4 0.016667251247406853 0.016674043448432031 -1.3324603453997346 -1.3157863019513023 -1.3341924540823151 -1.3175252028349083 -1.3288679701742516 -1.3173939558363068 -1.3306016030891172 -1.3191322332140112
0 0.032830995566721144 0.032872175864313846 -1.6670926510867599 -1.6342204752224458 -1.6685362393757597 -1.6357052438090385 -1.6591579558176495 -1.6370814695005003 -1.6606117401960878 -1.6385627650832366
1 0.013862840337128209 0.013878732525022697 -1.6159867717967538 -1.6021080392717311 -1.6174931769176053 -1.6036303365804772 -1.6128799625590815 -1.6034287603541948 -1.6143899685102769 -1.6049495667983724
4 0.0075881282769716066 0.0075964385891187491 -1.5930994995155698 -1.5855030609264511 -1.5946318454981505 -1.5870437172211789 -1.5914543221856803 -1.5862310986121786 -1.5929884806199024 -1.5877709649225542
-1
-1
-1
0 0.02751832368107417 0.027534212600276504 -0.95804424817088907 -0.93052592448981486 -0.95975529368193935 -0.93222108108166268 -0.95161579380582839 -0.9330165049987803 -0.95332330343519578 -0.93471318049930363
1 0.012986962269466426 0.012995693600803186 -0.91419497583982356 -0.90120801357035707 -0.91587977405629672 -0.9028840804554934 -0.91133080776317266 -0.90246547065184157 -0.91301371797227771 -0.9041424020805231
4 0.0075119497748905653 0.0075173695932113944 -0.89250590311493128 -0.88499395334004083 -0.89417587456017755 -0.88665850496696619 -0.89089272591186108 -0.88572094385477862 -0.89256154580797664 -0.8873860264003014
0 0.012671476526202978 0.012676146108133883 -1.0311446136647584 -1.0184731371385554 -1.0328883265246964 -1.0202121804165625 -1.0281034543111156 -1.0195836113409549 -1.0298460844498214 -1.0213230804901796
1 0.005453617237136674 0.0054558557459357367 -1.0113612911379188 -1.0059076739007824 -1.0130975311598389 -1.0076416754139033 -1.0101435242772212 -1.0064281616878974 -1.0118792711405171 -1.0081623801720454
4 0.0030125251750197819 0.003013822590931089 -1.0023489298757298 -0.99933640470071006 -1.0040814290601432 -1.0010676064692119 -1.0016974048278047 -0.99962558545586389 -1.0034296254124162 -1.0013569127883579
6 0.0071902158324737139 0.0071920965908571256 -1.0696386191413487 -1.062448403308875 -1.0713939634517011 -1.0642018668608442 -1.0679407619419483 -1.0630740481254561 -1.0696956742317769 -1.0648276806538537
1 0.002983759526488731 0.0029846100007109022 -1.0584879177849131 -1.0555041582584246 -1.0602402881233306 -1.0572556781226197 -1.0578176946343978 -1.0557869624733938 -1.0595698759467145 -1.0575385639369734
4 0.0016127657619515253 0.001613243109547538 -1.0535814924674707 -1.0519687267055191 -1.0553324520737237 -1.0537192089641763 -1.0532315532084995 -1.0521229570805217 -1.0549824098124925 -1.0538734852800875
0 0.015114258671619783 0.015132577749765411 -0.70734238263943627 -0.69222812396781641 -0.70883606889635908 -0.69370349114659369 -0.70383197114812224 -0.69360547466689526 -0.70532145553937375 -0.69508253581688706
1 0.0072781961251760846 0.0072874008098515039 -0.68314972543393404 -0.67587152930875805 -0.68461380404722794 -0.67732640323737647 -0.6815490744415863 -0.67657853009451618 -0.6830111405235787 -0.67803430419511979
8 0.0038725948585295006 0.0038775979255644098 -0.67096524594528917 -0.66709265108675964 -0.67241383730132409 -0.66853623937575968 -0.67005311996683337 -0.6671233517420363 -0.67150053643945373 -0.66856697984687263
0 0.0066622310728400354 0.0066695569785292855 -0.74641043739496027 -0.73974820632212024 -0.74794872726170314 -0.74127917028317392 -0.74481562623970932 -0.7403338690526472 -0.74635217291607114 -0.74186548163890154
1 0.0028923637019566458 0.002895608304699062 -0.73598912470147626 -0.73309676099951959 -0.73751590425212243 -0.73462029594742329 -0.73534401036080144 -0.73337317240628042 -0.73687006811569 -0.73489701836640497
4 0.0016044422015292555 0.0016062592858219226 -0.73120476587596539 -0.72960032367443617 -0.73272616666489077 -0.73111990737906885 -0.73085799097981208 -0.7297544518673823 -0.73237899960083153 -0.73127421041754925
6 0.0036981003715475316 0.0037019609458661725 -0.76637479631374084 -0.76267669594219334 -0.76793434923547244 -0.76423238828960627 -0.76550281951226595 -0.76299904095467563 -0.76706146534639696 -0.76455507122172539
1 0.0015420119760499889 0.0015436404041031507 -0.76063368492885908 -0.7590916729528091 -0.76218722928062588 -0.76064358887652272 -0.76028752554300671 -0.7592379316697967 -0.76184070487360778 -0.76079000231373717
4 0.00083535441384228895 0.00083624131840012445 -0.75809673826408752 -0.75726138385024533 -0.75964760021917455 -0.75881135890077434 -0.7579155433034207 -0.75734130064191352 -0.75946621303578676 -0.75889136061931328
10 1 1 1.3445109942035214 2.3445109942035214 1.3459468963904855 2.345946896390485 1.3670872050764515 2.2334646773398301 1.3685331527693947 2.234945500576444
2 0.47889055249909918 0.47900413537678821 1.8655068588267332 2.3445109942035214 1.8670563438913861 2.345946896390485 1.9092541400133849 2.2334646773398301 1.9108019157116203 2.234945500576444
3 0.23216512779106413 0.23224627269360598 1.3445109942035214 1.5766761219945857 1.3459468963904855 1.5781931690840911 1.3670872050764515 1.5256639095192961 1.3685331527693947 1.5271673351592059
-1
0 0.185033881003864 0.18505301155864173 1.8655068588267332 2.0505598703853751 1.8670563438913861 2.0520902248952502 1.9092541400133849 2.0340469632981799 1.9108019157116203 2.035580291341867
1 0.083798114388338257 0.083825208099164009 2.157703215836388 2.2415284239355522 2.1592082485312689 2.2430063629196071 2.1762940721955544 2.2334646773398301 2.1777936477274222 2.234945500576444
4 0.047462972102456438 0.047483553257069974 2.2970274409464513 2.3445109942035214 2.2984839242880288 2.345946896390485 2.3072574639924075 2.3399327040308249 2.3087096866015298 2.341370679965816
0 0.093532658945042091 0.093571254676182825 1.3445109942035214 1.4380436531485636 1.3459468963904855 1.4395181510666679 1.3670872050764515 1.4299028228705233 1.3685331527693947 1.4313742781048069
1 0.039494029799586716 0.039506068020624681 1.4899282521939656 1.5294222819935523 1.4914207240505157 1.5309267920711402 1.4987690238059073 1.5256639095192961 1.500264313827125 1.5271673351592059
4 0.02161791934450609 0.021623402502724771 1.5550582026500797 1.5766761219945857 1.5565697665813665 1.5781931690840911 1.5597400066595581 1.5746042563673905 1.5612527941837377 1.5761207963885253
-1
-1
-1
2 0.07036381199091768 0.07037475981501369 1.9801851105703612 2.0505598703853751 1.9817264129043322 2.0520902248952502 1.9865210716312627 2.0340469632981799 1.9880615729442708 2.035580291341867
3 0.032705575771935044 0.032707897804219468 1.906094944139066 1.9388028419432854 1.9076429016351784 1.9403484774071131 1.9092541400133849 1.931574155239538 1.9108019157116203 1.9331203877083107
5 0.018769886724979826 0.018770406784925267 1.8655068588267332 1.8842772656116584 1.8670563438913861 1.8858262306163658 1.867320862147045 1.880241418175892 1.8688703109512965 1.8817905220635727
2 0.033518264188624476 0.033529868772269961 2.2079985551632819 2.2415284239355522 2.2094880987309828 2.2430063629196071 2.2109297218979624 2.2334646773398301 2.2124182917983264 2.234945500576444
3 0.014327140259634486 0.014331543977205204 2.1749277195549404 2.1892592635321453 2.1764277068729978 2.1907548471326317 2.1762940721955544 2.186056211362732 2.1777936477274222 2.1875527953953404
5 0.0078881304245585308 0.0078904081654074185 2.157703215836388 2.1655936240017954 2.1592082485312689 2.1670963789558275 2.1584602000467008 2.1638862927558113 2.1599650166779814 2.1653895453713834
7 0.019356922612936554 0.019365564046108716 2.3251454301574128 2.3445109942035214 2.3265899737775486 2.345946896390485 2.3268281106555446 2.3399327040308249 2.3282719169520565 2.341370679965816
3 0.0080015802413999724 0.0080049751301912789 2.3064991837315718 2.3145041588617632 2.3079517254259381 2.315953305667338 2.3072574639924075 2.312705156729836 2.3087096866015298 2.3141550715656414
5 0.0043171735900836335 0.0043189607945282723 2.2970274409464513 2.3013464017409797 2.2984839242880288 2.3028010978781124 2.2974403379824504 2.300409015704636 2.2988966511990618 2.301864101177939
2 0.034969653376624027 0.034983150746775681 1.4030739997719395 1.4380436531485636 1.4045350003198922 1.4395181510666679 1.40625202448678 1.4299028228705233 1.4077142976806671 1.4313742781048069
3 0.016703874663468173 0.016711033046215948 1.3654667178171795 1.3821705924806478 1.3669119599245152 1.3836229929707311 1.3670872050764515 1.3784928565944266 1.3685331527693947 1.3799437028227592
5 0.0097227702102263835 0.0097271533691203338 1.3445109942035214 1.3542337644137477 1.3459468963904855 1.3556740497596056 1.3454530034562207 1.3521478612618461 1.3468893340812031 1.3535872135089393
2 0.015684364307847566 0.015688975033077417 1.5137379176857049 1.5294222819935523 1.5152378170380629 1.5309267920711402 1.5151150101154112 1.5256639095192961 1.5166153232623021 1.5271673351592059
3 0.0067858991763382736 0.0067880180306172135 1.4981208642116384 1.5049067633879765 1.4996159500376072 1.5064039680682244 1.4987690238059073 1.5033925486161948 1.500264313827125 1.5048892841272408
5 0.0037579892431133287 0.0037591958716792937 1.4899282521939656 1.4936862414370791 1.4914207240505157 1.4951799199221949 1.4902891522608017 1.4928738059836002 1.4917817405547034 1.4943672246987514
7 0.0087818702026324844 0.0087840463070542382 1.5678942517919532 1.5766761219945857 1.569409122777037 1.5781931690840911 1.5686592010131863 1.5746042563673905 1.5701742643411358 1.5761207963885253
3 0.0036549112116353176 0.0036558537053712811 1.5593934387870858 1.5630483499987209 1.5609061364195909 1.5645619901249623 1.5597400066595581 1.562227676926385 1.5612527941837377 1.5637411064843143
5 0.001978228738912134 0.0019787481856030705 1.5550582026500797 1.5570364313889917 1.5565697665813665 1.5585485147669695 1.55524742719951 1.5566072812510106 1.5567590409718388 1.5581192522446992
-1
-1
-1
-1
-1
-1
-1
-1
-1
11 1 1 -2.3445109942035214 -1.3445109942035214 -2.345946896390485 -1.3459468963904855 -2.2334646773398301 -1.3670872050764515 -2.234945500576444 -1.3685331527693947
0 0.47889055249909918 0.47900413537678821 -2.3445109942035214 -1.8655068588267332 -2.345946896390485 -1.8670563438913861 -2.2334646773398301 -1.9092541400133849 -2.234945500576444 -1.9108019157116203
1 0.23216512779106413 0.23224627269360598 -1.5766761219945857 -1.3445109942035214 -1.5781931690840911 -1.3459468963904855 -1.5256639095192961 -1.3670872050764515 -1.5271673351592059 -1.3685331527693947
-1
2 0.185033881003864 0.18505301155864173 -2.0505598703853751 -1.8655068588267332 -2.0520902248952502 -1.8670563438913861 -2.0340469632981799 -1.9092541400133849 -2.035580291341867 -1.9108019157116203
3 0.083798114388338257 0.083825208099164009 -2.2415284239355522 -2.157703215836388 -2.2430063629196071 -2.1592082485312689 -2.2334646773398301 -2.1762940721955544 -2.234945500576444 -2.1777936477274222
5 0.047462972102456438 0.047483553257069974 -2.3445109942035214 -2.2970274409464513 -2.345946896390485 -2.2984839242880288 -2.3399327040308249 -2.3072574639924075 -2.341370679965816 -2.3087096866015298
2 0.093532658945042091 0.093571254676182825 -1.4380436531485636 -1.3445109942035214 -1.4395181510666679 -1.3459468963904855 -1.4299028228705233 -1.3670872050764515 -1.4313742781048069 -1.3685331527693947
3 0.039494029799586716 0.039506068020624681 -1.5294222819935523 -1.4899282521939656 -1.5309267920711402 -1.4914207240505157 -1.5256639095192961 -1.4987690238059073 -1.5271673351592059 -1.500264313827125
5 0.02161791934450609 0.021623402502724771 -1.5766761219945857 -1.5550582026500797 -1.5781931690840911 -1.5565697665813665 -1.5746042563673905 -1.5597400066595581 -1.5761207963885253 -1.5612527941837377
-1
-1
-1
0 0.07036381199091768 0.07037475981501369 -2.0505598703853751 -1.9801851105703612 -2.0520902248952502 -1.9817264129043322 -2.0340469632981799 -1.9865210716312627 -2.035580291341867 -1.9880615729442708
1 0.032705575771935044 0.032707897804219468 -1.9388028419432854 -1.906094944139066 -1.9403484774071131 -1.9076429016351784 -1.931574155239538 -1.9092541400133849 -1.9331203877083107 -1.9108019157116203
4 0.018769886724979826 0.018770406784925267 -1.8842772656116584 -1.8655068588267332 -1.8858262306163658 -1.8670563438913861 -1.880241418175892 -1.867320862147045 -1.8817905220635727 -1.8688703109512965
0 0.033518264188624476 0.033529868772269961 -2.2415284239355522 -2.2079985551632819 -2.2430063629196071 -2.2094880987309828 -2.2334646773398301 -2.2109297218979624 -2.234945500576444 -2.2124182917983264
1 0.014327140259634486 0.014331543977205204 -2.1892592635321453 -2.1749277195549404 -2.1907548471326317 -2.1764277068729978 -2.186056211362732 -2.1762940721955544 -2.1875527953953404 -2.1777936477274222
4 0.0078881304245585308 0.0078904081654074185 -2.1655936240017954 -2.157703215836388 -2.1670963789558275 -2.1592082485312689 -2.1638862927558113 -2.1584602000467008 -2.1653895453713834 -2.1599650166779814
6 0.019356922612936554 0.019365564046108716 -2.3445109942035214 -2.3251454301574128 -2.345946896390485 -2.3265899737775486 -2.3399327040308249 -2.3268281106555446 -2.341370679965816 -2.3282719169520565
1 0.0080015802413999724 0.0080049751301912789 -2.3145041588617632 -2.3064991837315718 -2.315953305667338 -2.3079517254259381 -2.312705156729836 -2.3072574639924075 -2.3141550715656414 -2.3087096866015298
4 0.0043171735900836335 0.0043189607945282723 -2.3013464017409797 -2.2970274409464513 -2.3028010978781124 -2.2984839242880288 -2.300409015704636 -2.2974403379824504 -2.301864101177939 -2.2988966511990618
0 0.034969653376624027 0.034983150746775681 -1.4380436531485636 -1.4030739997719395 -1.4395181510666679 -1.4045350003198922 -1.4299028228705233 -1.40625202448678 -1.4313742781048069 -1.4077142976806671
1 0.016703874663468173 0.016711033046215948 -1.3821705924806478 -1.3654667178171795 -1.3836229929707311 -1.3669119599245152 -1.3784928565944266 -1.3670872050764515 -1.3799437028227592 -1.3685331527693947
4 0.0097227702102263835 0.0097271533691203338 -1.3542337644137477 -1.3445109942035214 -1.3556740497596056 -1.3459468963904855 -1.3521478612618461 -1.3454530034562207 -1.3535872135089393 -1.3468893340812031
0 0.015684364307847566 0.015688975033077417 -1.5294222819935523 -1.5137379176857049 -1.5309267920711402 -1.5152378170380629 -1.5256639095192961 -1.5151150101154112 -1.5271673351592059 -1.5166153232623021
1 0.0067858991763382736 0.0067880180306172135 -1.5049067633879765 -1.4981208642116384 -1.5064039680682244 -1.4996159500376072 -1.5033925486161948 -1.4987690238059073 -1.5048892841272408 -1.500264313827125
4 0.0037579892431133287 0.0037591958716792937 -1.4936862414370791 -1.4899282521939656 -1.4951799199221949 -1.4914207240505157 -1.4928738059836002 -1.4902891522608017 -1.4943672246987514 -1.4917817405547034
6 0.0087818702026324844 0.0087840463070542382 -1.5766761219945857 -1.5678942517919532 -1.5781931690840911 -1.569409122777037 -1.5746042563673905 -1.5686592010131863 -1.5761207963885253 -1.5701742643411358
1 0.0036549112116353176 0.0036558537053712811 -1.5630483499987209 -1.5593934387870858 -1.5645619901249623 -1.5609061364195909 -1.562227676926385 -1.5597400066595581 -1.5637411064843143 -1.5612527941837377
4 0.001978228738912134 0.0019787481856030705 -1.5570364313889917 -1.5550582026500797 -1.5585485147669695 -1.5565697665813665 -1.5566072812510106 -1.55524742719951 -1.5581192522446992 -1.5567590409718388
-1
-1
-1
-1
-1
-1
-1
-1
-1
